Date           Open    High    Low     Close   AdjCl   Volume
Oct 05, 2020   262.20   264.87   260.84   264.65   264.65   12776700
Oct 02, 2020   261.21   265.15   259.18   259.94   259.94   16367600
Oct 01, 2020   265.35   268.33   264.80   266.63   266.63   20009800
Sep 30, 2020   261.98   266.08   260.10   261.90   261.90   20105800
Sep 29, 2020   257.81   263.33   256.90   261.79   261.79   20200200
Sep 28, 2020   259.40   259.60   254.82   256.82   256.82   18826300
Sep 25, 2020   249.40   255.75   246.61   254.82   254.82   18351300
Sep 24, 2020   246.50   252.24   245.62   249.53   249.53   20006800
Sep 23, 2020   255.26   257.99   248.15   249.02   249.02   19641300
Sep 22, 2020   253.31   255.32   248.22   254.75   254.75   30293100
Sep 21, 2020   247.54   249.95   244.13   248.15   248.15   24709400
Sep 18, 2020   258.40   259.20   250.05   252.53   252.53   28130800
Sep 17, 2020   258.28   261.50   250.19   254.82   254.82   31281400
Sep 16, 2020   267.29   272.44   261.79   263.52   263.52   29183400
Sep 15, 2020   270.67   274.52   269.30   272.42   272.42   18478500
Sep 14, 2020   270.95   276.64   265.70   266.15   266.15   24093800
Sep 11, 2020   270.06   271.39   262.64   266.61   266.61   18913900
Sep 10, 2020   275.51   279.16   267.03   268.09   268.09   24814700
Sep 09, 2020   275.77   278.48   271.35   273.72   273.72   22918800
Sep 08, 2020   271.28   279.30   269.42   271.16   271.16   24864000
Sep 04, 2020   287.25   289.00   271.14   282.73   282.73   30333700
Sep 03, 2020   295.99   297.60   283.63   291.12   291.12   32294100
Sep 02, 2020   298.88   303.60   293.05   302.50   302.50   24341400
Sep 01, 2020   294.71   301.49   292.71   295.44   295.44   17320900
Aug 31, 2020   293.95   296.88   291.55   293.20   293.20   17345100
Aug 28, 2020   295.00   297.23   290.98   293.66   293.66   17172400
Aug 27, 2020   300.16   301.23   292.02   293.22   293.22   30301300
Aug 26, 2020   284.00   304.67   284.00   303.91   303.91   69015200
Aug 25, 2020   272.41   283.09   270.26   280.82   280.82   42127200
Aug 24, 2020   271.07   277.25   268.77   271.39   271.39   23685600
Aug 21, 2020   268.69   270.49   266.42   267.01   267.01   15538600
Aug 20, 2020   261.50   269.63   261.46   269.01   269.01   20299700
Aug 19, 2020   261.39   267.91   261.35   262.59   262.59   23291500
Aug 18, 2020   260.95   265.15   259.26   262.34   262.34   18690400
Aug 17, 2020   262.50   264.10   259.40   261.16   261.16   13351100
Aug 14, 2020   262.31   262.65   258.68   261.24   261.24   14792700
Aug 13, 2020   261.55   265.16   259.57   261.30   261.30   17374000
Aug 12, 2020   258.97   263.90   258.11   259.89   259.89   21428300
Aug 11, 2020   260.19   265.92   255.13   256.13   256.13   28238300
Aug 10, 2020   268.04   273.86   259.69   263.00   263.00   30248800
Aug 07, 2020   264.08   278.89   263.43   268.44   268.44   72735500
Aug 06, 2020   249.04   266.60   248.67   265.28   265.28   45241600
Aug 05, 2020   250.19   252.27   247.77   249.12   249.12   13088400
Aug 04, 2020   251.56   252.80   247.43   249.83   249.83   17183500
Aug 03, 2020   252.65   255.40   250.33   251.96   251.96   23124900
Jul 31, 2020   255.82   255.85   249.00   253.67   253.67   53030000
Jul 30, 2020   230.22   234.89   229.00   234.50   234.50   20615300
Jul 29, 2020   231.14   233.70   230.31   233.29   233.29   13588300
Jul 28, 2020   234.63   234.96   229.83   230.12   230.12   14170100
Jul 27, 2020   231.46   234.95   230.83   233.50   233.50   13163100
Jul 24, 2020   230.19   233.49   226.90   230.71   230.71   18325800
Jul 23, 2020   239.63   242.42   231.75   232.60   232.60   21771800
Jul 22, 2020   240.26   241.90   238.12   239.87   239.87   15427900
Jul 21, 2020   246.22   246.91   240.08   241.75   241.75   19409700
Jul 20, 2020   240.06   246.05   235.64   245.42   245.42   20872200
Jul 17, 2020   241.00   244.16   237.86   242.03   242.03   18152400
Jul 16, 2020   238.00   241.76   236.33   240.93   240.93   18880700
Jul 15, 2020   241.55   244.82   238.05   240.28   240.28   19133600
Jul 14, 2020   236.76   240.33   232.03   239.73   239.73   23378100
Jul 13, 2020   247.01   250.15   238.42   239.00   239.00   24674900
Jul 10, 2020   243.69   245.49   239.32   245.07   245.07   22982700
Jul 09, 2020   245.00   246.53   239.24   244.50   244.50   22174900
Jul 08, 2020   238.11   246.99   236.59   243.58   243.58   29791300
Jul 07, 2020   239.41   247.65   238.82   240.86   240.86   27887800
Jul 06, 2020   233.76   240.40   232.27   240.28   240.28   26206200
Jul 02, 2020   239.00   240.00   232.61   233.42   233.42   30633600
Jul 01, 2020   228.50   239.00   227.56   237.55   237.55   43399700
Jun 30, 2020   220.59   227.50   218.47   227.07   227.07   33927100
Jun 29, 2020   209.75   220.75   207.11   220.64   220.64   58514300
Jun 26, 2020   232.64   233.09   215.40   216.08   216.08   76343900
Jun 25, 2020   234.62   237.30   232.74   235.68   235.68   18704300
Jun 24, 2020   241.20   243.22   232.68   234.02   234.02   20834900
Jun 23, 2020   241.28   245.19   239.86   242.24   242.24   24017900
Jun 22, 2020   238.56   240.70   236.91   239.22   239.22   18917800
Jun 19, 2020   237.79   240.83   235.55   238.79   238.79   30081300
Jun 18, 2020   234.99   236.14   232.15   235.94   235.94   15782500
Jun 17, 2020   235.00   237.59   231.73   235.53   235.53   19552800
Jun 16, 2020   237.14   238.46   233.00   235.65   235.65   15236700
Jun 15, 2020   225.09   233.77   224.80   232.50   232.50   15340300
Jun 12, 2020   229.90   231.66   224.50   228.58   228.58   22071700
Jun 11, 2020   229.94   232.89   223.55   224.43   224.43   26708200
Jun 10, 2020   240.96   241.21   235.28   236.73   236.73   20720700
Jun 09, 2020   231.52   239.77   230.41   238.67   238.67   27462900
Jun 08, 2020   229.03   231.55   227.41   231.40   231.40   15466500
Jun 05, 2020   226.71   231.35   225.31   230.77   230.77   16750400
Jun 04, 2020   229.56   231.63   224.61   226.29   226.29   17041500
Jun 03, 2020   232.11   232.65   228.53   230.16   230.16   15380300
Jun 02, 2020   230.94   233.00   226.56   232.72   232.72   20919000
Jun 01, 2020   224.59   232.44   223.50   231.91   231.91   18223800
May 29, 2020   225.20   227.49   222.88   225.09   225.09   23322500
May 28, 2020   224.30   231.63   224.00   225.46   225.46   29377200
May 27, 2020   229.07   230.56   221.13   229.14   229.14   34697600
May 26, 2020   239.77   240.90   231.67   232.20   232.20   33178300
May 22, 2020   231.51   235.99   228.74   234.91   234.91   33925600
May 21, 2020   234.72   237.20   231.20   231.39   231.39   47782600
May 20, 2020   223.50   231.34   223.19   229.97   229.97   50162900
May 19, 2020   213.27   220.49   212.83   216.88   216.88   31843200
May 18, 2020   212.15   214.64   210.94   213.19   213.19   20167400
May 15, 2020   205.27   211.34   204.12   210.88   210.88   19383200
May 14, 2020   202.56   206.93   200.69   206.81   206.81   17178900
May 13, 2020   209.43   210.78   202.11   205.10   205.10   20684600
May 12, 2020   213.29   215.28   210.00   210.10   210.10   14704600
May 11, 2020   210.89   215.00   210.37   213.18   213.18   12911900
May 08, 2020   212.24   213.21   210.85   212.35   212.35   12524000
May 07, 2020   211.16   211.60   209.04   211.26   211.26   15152000
May 06, 2020   208.12   211.60   206.66   208.47   208.47   21857000
May 05, 2020   207.02   210.38   206.50   207.07   207.07   21071200
May 04, 2020   200.20   205.91   198.76   205.26   205.26   19250700
May 01, 2020   201.60   207.28   199.05   202.27   202.27   30415600
Apr 30, 2020   206.92   209.69   201.57   204.71   204.71   46173300
Apr 29, 2020   190.93   196.91   190.00   194.19   194.19   45954500
Apr 28, 2020   188.66   189.20   182.56   182.91   182.91   21731000
Apr 27, 2020   192.66   193.75   187.41   187.50   187.50   29197800
Apr 24, 2020   183.23   190.41   180.83   190.07   190.07   28868500
Apr 23, 2020   184.08   187.05   183.15   185.13   185.13   21426600
Apr 22, 2020   178.45   184.78   178.14   182.28   182.28   33369900
Apr 21, 2020   175.25   175.38   168.34   170.80   170.80   24850500
Apr 20, 2020   177.41   180.50   176.77   178.24   178.24   16110700
Apr 17, 2020   179.20   180.28   176.66   179.24   179.24   20974800
Apr 16, 2020   177.95   178.05   172.51   176.25   176.25   23593200
Apr 15, 2020   175.19   178.19   172.82   176.97   176.97   17423000
Apr 14, 2020   178.98   181.23   176.62   178.17   178.17   21011800
Apr 13, 2020   173.67   175.00   169.45   174.79   174.79   19355400
Apr 09, 2020   175.90   177.08   171.57   175.19   175.19   23534300
Apr 08, 2020   171.25   175.00   167.74   174.28   174.28   21664200
Apr 07, 2020   171.79   173.39   166.01   168.83   168.83   31411900
Apr 06, 2020   160.15   166.20   158.51   165.55   165.55   28420200
Apr 03, 2020   157.15   157.91   150.83   154.18   154.18   25983300
Apr 02, 2020   159.10   161.35   155.92   158.19   158.19   20886300
Apr 01, 2020   161.62   164.15   158.04   159.60   159.60   19507600
Mar 31, 2020   165.48   170.93   164.20   166.80   166.80   23676300
Mar 30, 2020   159.18   166.75   158.06   165.95   165.95   22515200
Mar 27, 2020   158.20   160.09   154.75   156.79   156.79   24879900
Mar 26, 2020   158.25   164.00   157.02   163.34   163.34   26556800
Mar 25, 2020   158.92   162.99   153.06   156.21   156.21   35184300
Mar 24, 2020   155.21   161.31   152.57   160.98   160.98   30440400
Mar 23, 2020   149.66   152.31   142.25   148.10   148.10   29830800
Mar 20, 2020   156.02   159.27   148.00   149.73   149.73   32568400
Mar 19, 2020   146.62   159.93   144.80   153.13   153.13   39862300
Mar 18, 2020   139.75   148.18   137.10   146.96   146.96   37553100
Mar 17, 2020   150.74   153.94   140.00   149.42   149.42   34255600
Mar 16, 2020   152.32   159.13   143.10   146.01   146.01   39120400
Mar 13, 2020   163.53   170.79   157.60   170.28   170.28   35028600
Mar 12, 2020   159.54   166.60   154.34   154.47   154.47   43266300
Mar 11, 2020   174.01   175.88   167.66   170.24   170.24   20373900
Mar 10, 2020   174.67   178.29   169.50   178.19   178.19   24517800
Mar 09, 2020   169.60   175.00   165.19   169.50   169.50   29949000
Mar 06, 2020   178.33   183.78   176.26   181.09   181.09   24559600
Mar 05, 2020   186.78   188.99   183.89   185.17   185.17   19333400
Mar 04, 2020   189.17   191.83   186.39   191.76   191.76   23062500
Mar 03, 2020   196.22   197.24   183.97   185.89   185.89   27984100
Mar 02, 2020   194.03   196.57   188.85   196.44   196.44   24949000
Feb 28, 2020   182.70   192.74   181.82   192.47   192.47   32583500
Feb 27, 2020   191.82   195.88   189.50   189.75   189.75   21682600
Feb 26, 2020   197.19   201.21   195.49   197.20   197.20   16524500
Feb 25, 2020   202.25   203.50   195.95   196.77   196.77   21433500
Feb 24, 2020   201.80   203.65   198.17   200.72   200.72   23080100
Feb 21, 2020   213.48   214.24   208.83   210.18   210.18   14092300
Feb 20, 2020   216.52   218.77   212.95   214.58   214.58   13109200
Feb 19, 2020   217.99   218.32   216.11   217.49   217.49   12135100
Feb 18, 2020   213.55   217.98   213.40   217.80   217.80   15609200
Feb 14, 2020   214.00   214.93   212.65   214.18   214.18   10741700
Feb 13, 2020   209.52   214.33   209.18   213.14   213.14   15396600
Feb 12, 2020   207.85   211.22   207.40   210.76   210.76   13813700
Feb 11, 2020   210.19   210.86   206.51   207.19   207.19   25030800
Feb 10, 2020   211.52   213.80   210.66   213.06   213.06   11856400
Feb 07, 2020   210.30   212.82   209.93   212.33   212.33   12242500
Feb 06, 2020   210.47   211.19   209.34   210.85   210.85   10567500
Feb 05, 2020   212.51   212.73   208.71   210.11   210.11   12538200
Feb 04, 2020   206.62   210.60   205.20   209.83   209.83   19628900
Feb 03, 2020   203.44   205.14   202.50   204.19   204.19   15510500
Jan 31, 2020   208.43   208.69   201.06   201.91   201.91   31359900
Jan 30, 2020   206.53   211.43   204.75   209.53   209.53   48775500
Jan 29, 2020   221.44   224.20   218.45   223.23   223.23   33181300
Jan 28, 2020   216.14   218.74   213.52   217.79   217.79   13413800
Jan 27, 2020   213.10   216.06   212.50   214.87   214.87   13810700
Jan 24, 2020   220.80   221.78   216.11   217.94   217.94   11905800
Jan 23, 2020   220.75   221.49   219.27   219.76   219.76   11195000
Jan 22, 2020   222.31   222.75   221.28   221.32   221.32   12212800
Jan 21, 2020   222.16   222.37   219.12   221.44   221.44   14275800
Jan 17, 2020   222.03   222.29   220.53   222.14   222.14   15905900
Jan 16, 2020   222.57   222.63   220.39   221.77   221.77   10015300
Jan 15, 2020   220.61   221.68   220.14   221.15   221.15   10036500
Jan 14, 2020   221.61   222.38   218.63   219.06   219.06   13288900
Jan 13, 2020   219.60   221.97   219.21   221.91   221.91   14463400
Jan 10, 2020   219.20   219.88   217.42   218.06   218.06   12119400
Jan 09, 2020   217.54   218.38   216.28   218.30   218.30   12642800
Jan 08, 2020   213.00   216.24   212.61   215.22   215.22   13475000
Jan 07, 2020   212.82   214.58   211.75   213.06   213.06   14912400
Jan 06, 2020   206.70   212.78   206.52   212.60   212.60   17058900
Jan 03, 2020   207.21   210.40   206.95   208.67   208.67   11188400
Jan 02, 2020   206.75   209.79   206.27   209.78   209.78   12077100
Dec 31, 2019   204.00   205.56   203.60   205.25   205.25   8953500
Dec 30, 2019   207.86   207.90   203.90   204.41   204.41   10524300
Dec 27, 2019   208.67   208.93   206.59   208.10   208.10   10284200
Dec 26, 2019   205.57   207.82   205.31   207.79   207.79   9350700
Dec 24, 2019   206.30   206.79   205.00   205.12   205.12   6046300
Dec 23, 2019   206.70   208.59   205.68   206.18   206.18   13348900
Dec 20, 2019   207.48   207.71   203.43   206.30   206.30   27306900
Dec 19, 2019   202.78   206.30   202.51   206.06   206.06   16514600
Dec 18, 2019   200.09   204.30   200.09   202.50   202.50   23274400
Dec 17, 2019   198.84   199.00   196.13   198.39   198.39   10175700
Dec 16, 2019   195.27   199.12   194.81   197.92   197.92   14911500
Dec 13, 2019   196.40   196.80   193.17   194.11   194.11   18798000
Dec 12, 2019   202.35   203.66   194.10   196.75   196.75   23734800
Dec 11, 2019   200.28   202.63   200.28   202.26   202.26   8036800
Dec 10, 2019   201.66   202.05   200.15   200.87   200.87   9475700
Dec 09, 2019   200.65   203.14   200.21   201.34   201.34   11954800
Dec 06, 2019   200.50   201.57   200.06   201.05   201.05   12270600
Dec 05, 2019   199.86   201.29   198.21   199.36   199.36   9740400
Dec 04, 2019   200.00   200.03   198.05   198.71   198.71   8456300
Dec 03, 2019   197.60   198.93   195.08   198.82   198.82   11595300
Dec 02, 2019   202.13   202.18   198.05   199.70   199.70   11503400
Nov 29, 2019   201.60   203.80   201.21   201.64   201.64   7985200
Nov 27, 2019   199.90   203.14   199.42   202.00   202.00   12736600
Nov 26, 2019   200.00   200.15   198.04   198.97   198.97   11735500
Nov 25, 2019   199.52   200.97   199.25   199.79   199.79   15272300
Nov 22, 2019   198.38   199.30   197.62   198.82   198.82   9959800
Nov 21, 2019   197.42   199.09   196.86   197.93   197.93   12131000
Nov 20, 2019   198.58   199.59   195.43   197.51   197.51   12355400
Nov 19, 2019   197.40   200.00   196.86   199.32   199.32   19056800
Nov 18, 2019   194.56   198.63   193.05   197.40   197.40   16167200
Nov 15, 2019   194.26   195.30   193.38   195.10   195.10   11524300
Nov 14, 2019   192.93   194.03   191.45   193.15   193.15   9040500
Nov 13, 2019   194.70   195.70   192.74   193.19   193.19   10860700
Nov 12, 2019   190.00   195.06   189.74   194.47   194.47   17615500
Nov 11, 2019   189.93   190.08   188.54   189.61   189.61   8631200
Nov 08, 2019   190.00   192.34   189.70   190.84   190.84   10760800
Nov 07, 2019   191.91   193.44   189.47   190.42   190.42   13473000
Nov 06, 2019   194.03   194.37   191.35   191.55   191.55   10973000
Nov 05, 2019   195.37   195.75   193.60   194.32   194.32   9942000
Nov 04, 2019   194.55   197.37   193.81   194.72   194.72   16371300
Nov 01, 2019   192.85   194.11   189.91   193.62   193.62   21711800
Oct 31, 2019   196.70   198.09   188.25   191.65   191.65   42286500
Oct 30, 2019   189.56   190.45   185.98   188.25   188.25   28734600
Oct 29, 2019   191.69   192.53   188.47   189.31   189.31   13574900
Oct 28, 2019   187.20   189.53   185.08   189.40   189.40   13657900
Oct 25, 2019   185.83   189.00   185.09   187.89   187.89   8061200
Oct 24, 2019   184.62   186.73   182.80   186.38   186.38   11413500
Oct 23, 2019   182.01   186.38   182.00   186.15   186.15   12300400
Oct 22, 2019   190.00   190.65   181.50   182.34   182.34   19537600
Oct 21, 2019   187.04   189.91   186.75   189.76   189.76   8122600
Oct 18, 2019   190.23   191.49   183.92   185.85   185.85   16874200
Oct 17, 2019   190.30   190.84   188.77   190.39   190.39   9603000
Oct 16, 2019   188.32   189.70   186.90   189.55   189.55   10516900
Oct 15, 2019   183.80   190.38   183.66   188.89   188.89   15039100
Oct 14, 2019   184.20   184.62   182.57   183.28   183.28   7006000
Oct 11, 2019   182.15   186.49   182.14   184.19   184.19   14930500
Oct 10, 2019   180.32   181.61   179.17   180.03   180.03   8605000
Oct 09, 2019   179.16   180.72   177.94   179.85   179.85   7556900
Oct 08, 2019   178.26   180.37   177.72   177.75   177.75   9466900
Oct 07, 2019   180.00   181.18   178.09   179.68   179.68   9178300
Oct 04, 2019   179.55   180.98   178.10   180.45   180.45   10430200
Oct 03, 2019   175.57   179.84   173.63   179.38   179.38   16086300
Oct 02, 2019   174.84   176.53   173.09   174.60   174.60   16151700
Oct 01, 2019   179.15   179.84   174.88   175.81   175.81   17073000
Sep 30, 2019   177.87   178.67   176.85   178.08   178.08   10740000
Sep 27, 2019   180.49   180.76   175.66   177.10   177.10   14656200
Sep 26, 2019   181.33   181.40   177.67   180.11   180.11   16083300
Sep 25, 2019   181.45   183.42   177.87   182.80   182.80   18068300
Sep 24, 2019   187.98   188.04   180.39   181.28   181.28   18546600
Sep 23, 2019   189.34   190.10   185.21   186.82   186.82   13327600
Sep 20, 2019   190.66   193.10   188.12   189.93   189.93   19934200
Sep 19, 2019   188.66   191.10   188.15   190.14   190.14   10392700
Sep 18, 2019   188.09   189.08   186.01   188.14   188.14   9681900
Sep 17, 2019   186.66   188.32   185.54   188.08   188.08   9671100
Sep 16, 2019   186.93   187.79   185.77   186.22   186.22   8444800
Sep 13, 2019   187.33   187.97   186.54   187.19   187.19   11441100
Sep 12, 2019   189.86   190.93   187.23   187.47   187.47   11419800
Sep 11, 2019   186.46   189.44   186.08   188.49   188.49   11761700
Sep 10, 2019   187.44   188.10   184.55   186.17   186.17   15455900
Sep 09, 2019   187.73   188.98   185.85   188.76   188.76   14722400
Sep 06, 2019   190.21   190.21   186.35   187.49   187.49   15226800
Sep 05, 2019   188.53   191.36   187.94   190.90   190.90   13876700
Sep 04, 2019   184.65   187.75   183.89   187.14   187.14   11308000
Sep 03, 2019   184.00   185.67   182.11   182.39   182.39   9779400
Aug 30, 2019   186.78   186.80   183.46   185.67   185.67   10774500
Aug 29, 2019   183.77   186.08   183.47   185.57   185.57   10128700
Aug 28, 2019   180.53   181.95   178.92   181.76   181.76   9386100
Aug 27, 2019   181.93   184.04   181.01   181.30   181.30   14399600
Aug 26, 2019   179.40   180.50   178.24   180.36   180.36   8773600
Aug 23, 2019   180.84   183.13   176.66   177.75   177.75   17323400
Aug 22, 2019   183.43   184.11   179.91   182.04   182.04   10821400
Aug 21, 2019   185.00   185.90   183.14   183.55   183.55   8398200
Aug 20, 2019   185.45   186.00   182.39   183.81   183.81   10083400
Aug 19, 2019   186.01   187.50   184.85   186.17   186.17   9691200
Aug 16, 2019   183.75   185.10   182.36   183.70   183.70   12654600
Aug 15, 2019   180.95   183.20   180.03   182.59   182.59   12925900
Aug 14, 2019   185.80   185.99   179.31   179.71   179.71   18903700
Aug 13, 2019   185.52   191.38   185.37   188.45   188.45   13577000
Aug 12, 2019   186.85   187.59   184.46   185.37   185.37   10936300
Aug 09, 2019   190.00   190.98   187.12   187.85   187.85   11058800
Aug 08, 2019   186.62   190.34   184.05   190.16   190.16   14828900
Aug 07, 2019   183.60   186.37   181.22   185.15   185.15   15833200
Aug 06, 2019   183.69   185.79   183.09   184.51   184.51   18035700
Aug 05, 2019   184.69   185.67   179.34   181.73   181.73   23086700
Aug 02, 2019   191.10   192.62   188.07   189.02   189.02   15297000
Aug 01, 2019   194.17   198.47   190.88   192.73   192.73   17777000
Jul 31, 2019   196.95   198.76   192.68   194.23   194.23   14593500
Jul 30, 2019   195.39   198.71   193.50   197.04   197.04   11903600
Jul 29, 2019   199.00   199.63   195.30   195.94   195.94   16530800
Jul 26, 2019   200.19   202.88   196.25   199.75   199.75   24434000
Jul 25, 2019   206.70   208.66   198.26   200.71   200.71   39889900
Jul 24, 2019   197.63   204.81   197.22   204.66   204.66   32532500
Jul 23, 2019   202.84   204.24   200.96   202.36   202.36   14583700
Jul 22, 2019   199.91   202.57   198.81   202.32   202.32   13589000
Jul 19, 2019   202.18   202.33   198.07   198.36   198.36   12098300
Jul 18, 2019   200.15   202.47   199.38   200.78   200.78   11956600
Jul 17, 2019   204.18   204.36   201.59   201.80   201.80   12083700
Jul 16, 2019   203.89   205.47   203.10   203.84   203.84   12132700
Jul 15, 2019   204.25   205.33   201.82   203.91   203.91   16030300
Jul 12, 2019   199.68   205.30   199.16   204.87   204.87   15366300
Jul 11, 2019   203.26   203.80   200.21   201.23   201.23   13678500
Jul 10, 2019   200.00   202.96   199.67   202.73   202.73   20571700
Jul 09, 2019   194.97   199.46   194.89   199.21   199.21   14698600
Jul 08, 2019   195.19   196.68   193.64   195.76   195.76   9723900
Jul 05, 2019   196.18   197.07   194.17   196.40   196.40   11164100
Jul 03, 2019   194.16   197.40   194.16   197.20   197.20   10246100
Jul 02, 2019   193.00   195.00   192.71   195.00   195.00   9050000
Jul 01, 2019   195.21   195.28   191.93   193.00   193.00   14204700
Jun 28, 2019   190.55   193.20   189.94   193.00   193.00   16378900
Jun 27, 2019   189.88   198.88   188.27   189.50   189.50   11159000
Jun 26, 2019   189.54   190.76   187.31   187.66   187.66   12808600
Jun 25, 2019   192.88   193.14   188.13   188.84   188.84   16750300
Jun 24, 2019   192.42   193.98   191.57   192.60   192.60   15509000
Jun 21, 2019   188.75   192.00   188.75   191.14   191.14   22751200
Jun 20, 2019   190.95   191.16   187.64   189.53   189.53   14635700
Jun 19, 2019   187.00   188.10   184.55   187.48   187.48   21417100
Jun 18, 2019   194.00   194.53   187.28   188.47   188.47   37571400
Jun 17, 2019   185.01   189.50   184.41   189.01   189.01   29459900
Jun 14, 2019   180.51   181.84   180.00   181.33   181.33   16773700
Jun 13, 2019   175.53   178.03   174.61   177.47   177.47   12253600
Jun 12, 2019   178.38   179.27   172.88   175.04   175.04   17681500
Jun 11, 2019   178.48   179.98   176.79   178.10   178.10   15266600
Jun 10, 2019   174.75   177.86   173.80   174.82   174.82   14767900
Jun 07, 2019   170.17   173.87   168.84   173.35   173.35   16917300
Jun 06, 2019   168.30   169.70   167.23   168.33   168.33   12446400
Jun 05, 2019   167.48   168.72   164.63   168.17   168.17   19758300
Jun 04, 2019   163.71   168.28   160.84   167.50   167.50   46044300
Jun 03, 2019   175.00   175.05   161.01   164.15   164.15   56059600
May 31, 2019   180.28   180.54   177.16   177.47   177.47   15226500
May 30, 2019   183.08   183.48   180.89   183.01   183.01   8581500
May 29, 2019   183.50   184.56   181.35   182.19   182.19   12797700
May 28, 2019   181.54   184.71   181.45   184.31   184.31   14843300
May 24, 2019   182.33   183.63   180.83   181.06   181.06   8807700
May 23, 2019   182.42   183.90   179.67   180.87   180.87   12768800
May 22, 2019   184.73   186.74   183.61   185.32   185.32   9213800
May 21, 2019   184.57   185.70   183.89   184.82   184.82   7502800
May 20, 2019   181.88   184.23   181.37   182.72   182.72   10352000
May 17, 2019   184.84   187.58   184.28   185.30   185.30   10485400
May 16, 2019   185.05   188.58   185.05   186.99   186.99   12953100
May 15, 2019   180.42   187.28   180.02   186.27   186.27   16746900
May 14, 2019   182.52   183.49   178.10   180.73   180.73   17628100
May 13, 2019   183.50   185.43   180.84   181.54   181.54   16833300
May 10, 2019   188.25   190.00   184.59   188.34   188.34   12578500
May 09, 2019   187.20   189.77   186.26   188.65   188.65   12967000
May 08, 2019   189.39   190.72   188.55   189.54   189.54   12505700
May 07, 2019   192.54   192.90   187.85   189.77   189.77   16253000
May 06, 2019   191.24   194.28   190.55   193.88   193.88   13994900
May 03, 2019   194.38   196.16   193.71   195.47   195.47   14575400
May 02, 2019   193.00   194.00   189.75   192.53   192.53   13209500
May 01, 2019   194.78   196.18   193.01   193.03   193.03   15996600
Apr 30, 2019   194.19   197.39   192.28   193.40   193.40   23494700
Apr 29, 2019   190.95   195.41   190.65   194.78   194.78   19641300
Apr 26, 2019   192.50   192.90   189.09   191.49   191.49   22075000
Apr 25, 2019   196.98   198.48   192.12   193.26   193.26   54148800
Apr 24, 2019   184.49   185.14   181.65   182.58   182.58   37289900
Apr 23, 2019   182.74   184.22   181.48   183.78   183.78   19954800
Apr 22, 2019   178.25   181.67   178.25   181.44   181.44   13389900
Apr 18, 2019   178.80   178.88   177.34   178.28   178.28   11655600
Apr 17, 2019   179.60   180.74   178.36   178.78   178.78   9973700
Apr 16, 2019   179.00   180.17   178.30   178.87   178.87   11215200
Apr 15, 2019   178.50   180.50   176.87   179.65   179.65   10834800
Apr 12, 2019   178.00   179.63   177.95   179.10   179.10   12329800
Apr 11, 2019   178.24   178.40   177.00   177.51   177.51   8071000
Apr 10, 2019   178.18   178.79   176.54   177.82   177.82   11701500
Apr 09, 2019   175.62   179.19   175.55   177.58   177.58   19751000
Apr 08, 2019   175.21   175.50   174.23   174.93   174.93   7297400
Apr 05, 2019   176.88   177.00   175.10   175.72   175.72   9594100
Apr 04, 2019   176.02   178.00   175.53   176.02   176.02   17847700
Apr 03, 2019   174.50   177.96   172.95   173.54   173.54   27590100
Apr 02, 2019   170.14   174.90   169.55   174.20   174.20   23946500
Apr 01, 2019   167.83   168.90   167.28   168.70   168.70   10381500
Mar 29, 2019   166.39   167.19   164.81   166.69   166.69   13455500
Mar 28, 2019   164.57   166.72   163.33   165.55   165.55   10689200
Mar 27, 2019   167.85   168.94   164.79   165.87   165.87   10620300
Mar 26, 2019   167.35   169.45   166.35   167.68   167.68   15437900
Mar 25, 2019   163.00   166.54   162.00   166.29   166.29   12631200
Mar 22, 2019   165.65   167.42   164.09   164.34   164.34   16389200
Mar 21, 2019   164.89   166.39   163.75   166.08   166.08   16223000
Mar 20, 2019   161.50   166.12   161.24   165.44   165.44   20211500
Mar 19, 2019   161.48   163.82   160.82   161.57   161.57   25611500
Mar 18, 2019   163.57   163.90   159.28   160.47   160.47   37524200
Mar 15, 2019   167.16   167.58   162.51   165.98   165.98   37135400
Mar 14, 2019   169.76   171.15   168.16   170.17   170.17   18037400
Mar 13, 2019   172.32   174.03   172.12   173.37   173.37   11973300
Mar 12, 2019   172.09   173.80   171.22   171.92   171.92   12155300
Mar 11, 2019   171.60   174.30   171.58   172.07   172.07   18884000
Mar 08, 2019   166.20   169.62   165.97   169.60   169.60   13184800
Mar 07, 2019   171.50   171.74   167.61   169.13   169.13   18306500
Mar 06, 2019   172.90   173.57   171.27   172.51   172.51   21531700
Mar 05, 2019   167.37   171.88   166.55   171.26   171.26   28187900
Mar 04, 2019   163.90   167.50   163.83   167.37   167.37   18894700
Mar 01, 2019   162.60   163.13   161.69   162.28   162.28   11097800
Feb 28, 2019   162.37   163.50   160.86   161.45   161.45   11114200
Feb 27, 2019   162.90   163.93   160.41   162.81   162.81   12697500
Feb 26, 2019   164.34   166.24   163.80   164.13   164.13   13784100
Feb 25, 2019   163.07   166.07   162.90   164.62   164.62   18737100
Feb 22, 2019   160.58   162.41   160.31   161.89   161.89   15858500
Feb 21, 2019   161.93   162.24   159.59   160.04   160.04   15607800
Feb 20, 2019   162.25   163.72   161.25   162.56   162.56   11770700
Feb 19, 2019   160.50   164.15   160.33   162.29   162.29   14345400
Feb 15, 2019   164.51   164.70   160.86   162.50   162.50   15504400
Feb 14, 2019   163.19   164.87   162.25   163.95   163.95   12755200
Feb 13, 2019   165.38   166.22   163.73   164.07   164.07   14205100
Feb 12, 2019   166.86   168.34   164.50   165.04   165.04   16292300
Feb 11, 2019   167.90   168.30   165.08   165.79   165.79   12811200
Feb 08, 2019   164.47   167.37   164.21   167.33   167.33   12561400
Feb 07, 2019   168.20   169.24   165.25   166.38   166.38   17517600
Feb 06, 2019   171.20   172.47   169.27   170.49   170.49   13281200
Feb 05, 2019   169.15   171.98   168.69   171.16   171.16   22557000
Feb 04, 2019   165.70   169.30   163.62   169.25   169.25   20036000
Feb 01, 2019   165.84   169.10   165.66   165.71   165.71   30806500
Jan 31, 2019   165.60   171.68   165.00   166.69   166.69   77233600
Jan 30, 2019   146.22   150.95   145.70   150.42   150.42   44613200
Jan 29, 2019   148.09   148.10   143.43   144.19   144.19   17632100
Jan 28, 2019   148.05   148.96   146.21   147.47   147.47   15508500
Jan 25, 2019   147.48   149.83   146.54   149.01   149.01   22237200
Jan 24, 2019   144.64   146.44   142.52   145.83   145.83   20955500
Jan 23, 2019   148.28   148.80   143.06   144.30   144.30   20098400
Jan 22, 2019   149.20   151.53   146.37   147.57   147.57   22378700
Jan 18, 2019   149.75   152.43   148.55   150.04   150.04   31029600
Jan 17, 2019   146.95   149.00   146.50   148.30   148.30   15787900
Jan 16, 2019   149.00   149.65   147.00   147.54   147.54   18025700
Jan 15, 2019   146.01   150.68   145.99   148.95   148.95   24069000
Jan 14, 2019   142.00   146.57   141.27   145.39   145.39   20520300
Jan 11, 2019   143.15   145.36   142.57   143.80   143.80   12908000
Jan 10, 2019   143.08   144.56   140.84   144.20   144.20   16125000
Jan 09, 2019   142.95   144.70   141.27   144.23   144.23   22205900
Jan 08, 2019   139.89   143.14   139.54   142.53   142.53   26263800
Jan 07, 2019   137.56   138.87   135.91   138.05   138.05   20089300
Jan 04, 2019   134.01   138.00   133.75   137.95   137.95   29002100
Jan 03, 2019   134.69   137.17   131.12   131.74   131.74   22717900
Jan 02, 2019   128.99   137.51   128.56   135.68   135.68   28146200
Dec 31, 2018   134.45   134.64   129.95   131.09   131.09   24625300
Dec 28, 2018   135.34   135.92   132.20   133.20   133.20   22627600
Dec 27, 2018   132.44   134.99   129.67   134.52   134.52   31202500
Dec 26, 2018   126.00   134.24   125.89   134.18   134.18   39723400
Dec 24, 2018   123.10   129.74   123.02   124.06   124.06   22066000
Dec 21, 2018   133.39   134.90   123.42   124.95   124.95   56901500
Dec 20, 2018   130.70   135.57   130.00   133.40   133.40   40297900
Dec 19, 2018   141.21   144.91   132.50   133.24   133.24   57404900
Dec 18, 2018   141.08   145.93   139.83   143.66   143.66   24709100
Dec 17, 2018   143.08   144.92   138.42   140.19   140.19   24334000
Dec 14, 2018   143.34   146.01   142.51   144.06   144.06   21785800
Dec 13, 2018   145.57   145.85   143.19   145.01   145.01   18148600
Dec 12, 2018   143.08   147.19   142.51   144.50   144.50   23696900
Dec 11, 2018   143.88   143.88   141.10   142.08   142.08   20300300
Dec 10, 2018   139.60   143.05   139.01   141.85   141.85   26422200
Dec 07, 2018   139.25   140.87   136.66   137.42   137.42   21195500
Dec 06, 2018   133.82   139.70   133.67   139.63   139.63   28218100
Dec 04, 2018   140.73   143.39   137.16   137.93   137.93   30307400
Dec 03, 2018   143.00   143.68   140.76   141.09   141.09   24819200
Nov 30, 2018   138.26   140.97   137.36   140.61   140.61   25732600
Nov 29, 2018   135.92   139.99   135.66   138.68   138.68   24238700
Nov 28, 2018   136.28   136.79   131.85   136.76   136.76   29847500
Nov 27, 2018   135.75   136.61   133.71   135.00   135.00   20750300
Nov 26, 2018   133.00   137.00   132.78   136.38   136.38   24263600
Nov 23, 2018   133.65   134.50   131.26   131.73   131.73   11886100
Nov 21, 2018   134.40   137.19   134.13   134.82   134.82   25469700
Nov 20, 2018   127.03   134.16   126.85   132.43   132.43   41939500
Nov 19, 2018   137.61   137.75   131.21   131.55   131.55   44362700
Nov 16, 2018   141.07   141.77   137.77   139.53   139.53   37250600
Nov 15, 2018   142.33   144.84   140.83   143.85   143.85   30320300
Nov 14, 2018   143.70   145.58   141.55   144.22   144.22   22068400
Nov 13, 2018   142.00   144.88   141.62   142.16   142.16   15141700
Nov 12, 2018   144.48   145.04   140.49   141.55   141.55   18542100
Nov 09, 2018   146.75   147.76   144.07   144.96   144.96   17326900
Nov 08, 2018   150.49   150.94   146.74   147.87   147.87   24145800
Nov 07, 2018   151.57   153.01   149.83   151.53   151.53   21877400
Nov 06, 2018   149.31   150.97   148.00   149.94   149.94   16667100
Nov 05, 2018   150.10   150.19   147.44   148.68   148.68   15971200
Nov 02, 2018   151.80   154.13   148.96   150.35   150.35   24708700
Nov 01, 2018   151.52   152.75   149.35   151.75   151.75   25640800
Oct 31, 2018   155.00   156.40   148.96   151.79   151.79   60101300
Oct 30, 2018   139.94   146.64   139.74   146.22   146.22   50528300
Oct 29, 2018   148.50   148.83   139.03   142.09   142.09   31336800
Oct 26, 2018   145.82   149.00   143.80   145.37   145.37   31303300
Oct 25, 2018   147.73   152.21   147.00   150.95   150.95   22105700
Oct 24, 2018   154.28   154.65   145.60   146.04   146.04   27744600
Oct 23, 2018   151.22   154.77   150.85   154.39   154.39   19095000
Oct 22, 2018   154.76   157.34   154.46   154.78   154.78   15424700
Oct 19, 2018   155.86   157.35   153.55   154.05   154.05   19761300
Oct 18, 2018   158.51   158.66   153.28   154.92   154.92   21675100
Oct 17, 2018   159.56   160.49   157.95   159.42   159.42   17592000
Oct 16, 2018   155.40   159.46   155.01   158.78   158.78   19180100
Oct 15, 2018   153.32   155.57   152.55   153.52   153.52   15433500
Oct 12, 2018   156.73   156.89   151.30   153.74   153.74   25293500
Oct 11, 2018   150.13   154.81   149.16   153.35   153.35   35338900
Oct 10, 2018   156.82   157.69   151.31   151.38   151.38   30610000
Oct 09, 2018   157.69   160.59   157.42   157.90   157.90   18844400
Oct 08, 2018   155.54   158.34   154.39   157.25   157.25   24046000
Oct 05, 2018   159.21   160.90   156.20   157.33   157.33   25744000
Oct 04, 2018   161.46   161.46   157.35   158.85   158.85   25739600
Oct 03, 2018   160.00   163.66   159.53   162.43   162.43   23109500
Oct 02, 2018   161.58   162.28   158.67   159.33   159.33   36031000
Oct 01, 2018   163.03   165.88   161.26   162.44   162.44   26407700
Sep 28, 2018   168.33   168.79   162.56   164.46   164.46   34265600
Sep 27, 2018   167.55   171.77   167.21   168.84   168.84   27266900
Sep 26, 2018   164.30   169.30   164.21   166.95   166.95   25252200
Sep 25, 2018   161.99   165.59   161.15   164.91   164.91   27622800
Sep 24, 2018   161.03   165.70   160.88   165.41   165.41   19222800
Sep 21, 2018   166.64   167.25   162.81   162.93   162.93   45994800
Sep 20, 2018   164.50   166.45   164.47   166.02   166.02   18936000
Sep 19, 2018   160.08   163.44   159.48   163.06   163.06   19629000
Sep 18, 2018   159.39   161.76   158.87   160.30   160.30   22465200
Sep 17, 2018   161.92   162.06   159.77   160.58   160.58   21005300
Sep 14, 2018   161.72   162.84   160.34   162.32   162.32   21770400
Sep 13, 2018   162.00   163.32   160.86   161.36   161.36   25453800
Sep 12, 2018   163.25   164.49   161.80   162.00   162.00   24078100
Sep 11, 2018   163.94   167.19   163.72   165.94   165.94   20457100
Sep 10, 2018   163.51   165.01   162.16   164.18   164.18   20197700
Sep 07, 2018   160.31   164.63   160.16   163.04   163.04   24300600
Sep 06, 2018   166.98   166.98   160.00   162.53   162.53   41514800
Sep 05, 2018   169.49   171.13   166.67   167.18   167.18   31226700
Sep 04, 2018   173.50   173.89   168.80   171.16   171.16   29809000
Aug 31, 2018   177.15   177.62   174.98   175.73   175.73   18065200
Aug 30, 2018   175.90   179.79   175.70   177.64   177.64   24216500
Aug 29, 2018   176.30   176.79   174.75   175.90   175.90   18494100
Aug 28, 2018   178.10   178.24   175.83   176.26   176.26   15910700
Aug 27, 2018   175.99   178.67   175.79   177.46   177.46   17921900
Aug 24, 2018   173.70   174.82   172.92   174.65   174.65   14631600
Aug 23, 2018   173.09   175.55   172.83   172.90   172.90   18053600
Aug 22, 2018   172.21   174.24   172.13   173.64   173.64   16894100
Aug 21, 2018   172.81   174.17   171.39   172.62   172.62   19578500
Aug 20, 2018   174.04   174.57   170.91   172.50   172.50   21518000
Aug 17, 2018   174.50   176.22   172.04   173.80   173.80   24893200
Aug 16, 2018   180.42   180.50   174.01   174.70   174.70   31351800
Aug 15, 2018   179.34   180.87   174.78   179.53   179.53   33020200
Aug 14, 2018   180.71   181.99   178.62   181.11   181.11   19102000
Aug 13, 2018   180.10   182.61   178.90   180.05   180.05   17423300
Aug 10, 2018   182.04   182.10   179.42   180.26   180.26   21500400
Aug 09, 2018   185.85   186.57   182.48   183.09   183.09   19732100
Aug 08, 2018   184.75   186.85   183.76   185.18   185.18   22205200
Aug 07, 2018   186.50   188.30   183.72   183.81   183.81   33398600
Aug 06, 2018   178.97   185.79   178.38   185.69   185.69   49716200
Aug 03, 2018   177.69   178.85   176.15   177.78   177.78   24763400
Aug 02, 2018   170.68   176.79   170.27   176.37   176.37   32400000
Aug 01, 2018   173.93   175.08   170.90   171.65   171.65   34042100
Jul 31, 2018   170.67   174.24   170.00   172.58   172.58   40356500
Jul 30, 2018   175.30   175.30   166.56   171.06   171.06   65280800
Jul 27, 2018   179.87   179.93   173.00   174.89   174.89   60073700
Jul 26, 2018   174.89   180.13   173.75   176.26   176.26   169803700
Jul 25, 2018   215.72   218.62   214.27   217.50   217.50   58954200
Jul 24, 2018   215.11   216.20   212.60   214.67   214.67   28468700
Jul 23, 2018   210.58   211.62   208.80   210.91   210.91   16732000
Jul 20, 2018   208.85   211.50   208.50   209.94   209.94   16163900
Jul 19, 2018   208.77   209.99   207.76   208.09   208.09   11350400
Jul 18, 2018   209.82   210.99   208.44   209.36   209.36   15334900
Jul 17, 2018   204.90   210.46   204.84   209.99   209.99   15349900
Jul 16, 2018   207.50   208.72   206.84   207.23   207.23   11078200
Jul 13, 2018   207.81   208.43   206.45   207.32   207.32   11486800
Jul 12, 2018   203.43   207.08   203.19   206.92   206.92   15454700
Jul 11, 2018   202.22   204.50   201.75   202.54   202.54   12927400
Jul 10, 2018   204.50   204.91   202.26   203.54   203.54   13190100
Jul 09, 2018   204.93   205.80   202.12   204.74   204.74   18149400
Jul 06, 2018   198.45   203.64   197.70   203.23   203.23   19740100
Jul 05, 2018   194.74   198.65   194.03   198.45   198.45   19684200
Jul 03, 2018   194.55   195.40   192.52   192.73   192.73   13489500
Jul 02, 2018   193.37   197.45   192.22   197.36   197.36   13961600
Jun 29, 2018   197.32   197.60   193.96   194.32   194.32   15811600
Jun 28, 2018   195.18   197.34   193.26   196.23   196.23   18172400
Jun 27, 2018   199.18   200.75   195.80   195.84   195.84   18734400
Jun 26, 2018   197.60   199.10   196.23   199.00   199.00   17897600
Jun 25, 2018   200.00   200.00   193.11   196.35   196.35   25275100
Jun 22, 2018   201.16   202.24   199.31   201.74   201.74   17420200
Jun 21, 2018   202.76   203.39   200.09   201.50   201.50   19045700
Jun 20, 2018   199.10   203.55   198.81   202.00   202.00   28230900
Jun 19, 2018   196.24   197.96   193.79   197.49   197.49   19994000
Jun 18, 2018   194.80   199.58   194.13   198.31   198.31   16826000
Jun 15, 2018   195.79   197.07   194.64   195.85   195.85   21860900
Jun 14, 2018   193.10   197.28   192.91   196.81   196.81   19120900
Jun 13, 2018   192.74   194.50   191.91   192.41   192.41   15853800
Jun 12, 2018   192.17   193.28   191.56   192.40   192.40   11562700
Jun 11, 2018   188.81   192.60   188.80   191.54   191.54   12928900
Jun 08, 2018   187.53   189.48   186.43   189.10   189.10   12677100
Jun 07, 2018   190.75   190.97   186.77   188.18   188.18   21503200
Jun 06, 2018   191.03   192.53   189.11   191.34   191.34   22558900
Jun 05, 2018   194.30   195.00   192.62   192.94   192.94   15544300
Jun 04, 2018   191.84   193.98   191.47   193.28   193.28   18939800
Jun 01, 2018   193.07   194.55   192.07   193.99   193.99   17307200
May 31, 2018   187.87   192.72   187.48   191.78   191.78   30782600
May 30, 2018   186.54   188.00   185.25   187.67   187.67   13736900
May 29, 2018   184.34   186.81   183.71   185.74   185.74   16398900
May 25, 2018   186.02   186.33   184.45   184.92   184.92   10965100
May 24, 2018   185.88   186.80   185.03   185.93   185.93   12354700
May 23, 2018   182.50   186.91   182.18   186.90   186.90   16628100
May 22, 2018   184.93   185.42   183.43   183.80   183.80   12731400
May 21, 2018   183.77   185.30   183.13   184.49   184.49   13532900
May 18, 2018   183.49   184.19   182.61   182.68   182.68   13130500
May 17, 2018   182.68   184.06   182.22   183.76   183.76   14840700
May 16, 2018   183.70   184.32   182.66   183.20   183.20   16975500
May 15, 2018   184.88   185.29   183.20   184.32   184.32   15429400
May 14, 2018   187.71   187.86   186.20   186.64   186.64   15646700
May 11, 2018   184.85   188.32   184.18   186.99   186.99   21207800
May 10, 2018   183.15   186.13   182.50   185.53   185.53   21071400
May 09, 2018   179.67   183.01   178.78   182.66   182.66   23282800
May 08, 2018   178.25   179.04   177.11   178.92   178.92   15577200
May 07, 2018   177.35   179.50   177.17   177.97   177.97   18697200
May 04, 2018   173.08   176.98   173.06   176.61   176.61   17677800
May 03, 2018   175.13   176.12   172.12   174.02   174.02   24026100
May 02, 2018   174.25   178.08   174.20   176.07   176.07   30424500
May 01, 2018   172.00   174.02   170.23   173.86   173.86   26025900
Apr 30, 2018   173.79   175.72   171.71   172.00   172.00   20750500
Apr 27, 2018   176.81   177.10   172.60   173.59   173.59   29804700
Apr 26, 2018   173.22   176.27   170.80   174.16   174.16   77556900
Apr 25, 2018   160.14   161.06   156.19   159.69   159.69   41083600
Apr 24, 2018   165.43   166.10   158.19   159.69   159.69   35079900
Apr 23, 2018   167.27   168.45   165.09   165.84   165.84   23088100
Apr 20, 2018   167.79   168.43   165.81   166.28   166.28   19119400
Apr 19, 2018   166.20   168.33   165.20   168.10   168.10   22235000
Apr 18, 2018   166.88   168.12   165.77   166.36   166.36   20969600
Apr 17, 2018   165.83   169.00   165.66   168.66   168.66   22743000
Apr 16, 2018   165.72   165.78   163.39   164.83   164.83   18119400
Apr 13, 2018   164.58   165.70   163.77   164.52   164.52   19990600
Apr 12, 2018   166.98   167.45   163.10   163.87   163.87   38263000
Apr 11, 2018   165.36   168.65   163.25   166.32   166.32   56144600
Apr 10, 2018   157.93   165.98   157.01   165.04   165.04   57889300
Apr 09, 2018   157.82   160.53   156.04   157.93   157.93   34915200
Apr 06, 2018   157.73   161.42   156.81   157.20   157.20   41644800
Apr 05, 2018   161.56   161.57   156.65   159.34   159.34   41449600
Apr 04, 2018   152.03   155.56   150.51   155.10   155.10   49885600
Apr 03, 2018   156.55   157.39   150.81   156.11   156.11   42543900
Apr 02, 2018   157.81   159.20   154.11   155.39   155.39   36796000
Mar 29, 2018   155.15   161.42   154.14   159.79   159.79   59434300
Mar 28, 2018   151.65   155.88   150.80   153.03   153.03   60029200
Mar 27, 2018   156.31   162.85   150.75   152.22   152.22   79117000
Mar 26, 2018   160.82   161.10   149.02   160.06   160.06   126116600
Mar 23, 2018   165.44   166.60   159.02   159.39   159.39   53609700
Mar 22, 2018   166.13   170.27   163.72   164.89   164.89   73743000
Mar 21, 2018   164.80   173.40   163.30   169.39   169.39   106598800
Mar 20, 2018   167.47   170.20   161.95   168.15   168.15   129851800
Mar 19, 2018   177.01   177.17   170.06   172.56   172.56   88140100
Mar 16, 2018   184.49   185.33   183.41   185.09   185.09   24403400
Mar 15, 2018   183.24   184.00   182.19   183.86   183.86   15614300
Mar 14, 2018   182.60   184.25   181.85   184.19   184.19   16821700
Mar 13, 2018   185.61   185.99   181.11   181.88   181.88   18067500
Mar 12, 2018   185.23   186.10   184.22   184.76   184.76   15301200
Mar 09, 2018   183.91   185.51   183.21   185.23   185.23   18526300
Mar 08, 2018   183.56   184.40   181.45   182.34   182.34   17225900
Mar 07, 2018   178.74   183.82   178.07   183.71   183.71   19097300
Mar 06, 2018   181.78   182.38   179.11   179.78   179.78   15086800
Mar 05, 2018   176.20   181.15   175.89   180.40   180.40   16189300
Mar 02, 2018   173.29   177.11   172.99   176.62   176.62   20025900
Mar 01, 2018   179.01   180.12   174.41   175.94   175.94   23201600
Feb 28, 2018   182.30   182.88   178.14   178.32   178.32   18783000
Feb 27, 2018   184.45   184.70   181.46   181.46   181.46   15849800
Feb 26, 2018   184.58   185.66   183.22   184.93   184.93   17599700
Feb 23, 2018   179.90   183.39   179.51   183.29   183.29   19007300
Feb 22, 2018   178.70   180.21   177.41   178.99   178.99   18464200
Feb 21, 2018   176.71   181.27   176.40   177.91   177.91   23200800
Feb 20, 2018   175.77   177.95   175.11   176.01   176.01   21204900
Feb 16, 2018   178.99   179.88   176.30   177.36   177.36   20645300
Feb 15, 2018   180.50   180.50   176.84   179.96   179.96   20922100
Feb 14, 2018   173.45   179.81   173.21   179.52   179.52   28929700
Feb 13, 2018   175.62   175.97   173.10   173.15   173.15   21809400
Feb 12, 2018   177.06   177.55   171.84   176.41   176.41   32092100
Feb 09, 2018   174.76   176.90   167.18   176.11   176.11   39887600
Feb 08, 2018   181.01   181.84   171.48   171.58   171.58   38478300
Feb 07, 2018   184.15   185.08   179.95   180.18   180.18   27601900
Feb 06, 2018   178.57   185.77   177.74   185.31   185.31   37758500
Feb 05, 2018   186.93   190.61   180.61   181.26   181.26   33128200
Feb 02, 2018   192.04   194.21   189.98   190.28   190.28   26677500
Feb 01, 2018   188.22   195.32   187.89   193.09   193.09   54211300
Jan 31, 2018   188.37   189.83   185.22   186.89   186.89   43275100
Jan 30, 2018   187.62   188.18   181.84   187.12   187.12   20858600
Jan 29, 2018   188.75   188.84   185.63   185.98   185.98   20453200
Jan 26, 2018   187.75   190.00   186.81   190.00   190.00   17759200
Jan 25, 2018   187.95   188.62   186.60   187.48   187.48   17377700
Jan 24, 2018   189.89   190.66   186.52   186.55   186.55   24334500
Jan 23, 2018   186.05   189.55   185.55   189.35   189.35   25678800
Jan 22, 2018   180.80   185.39   180.41   185.37   185.37   21059500
Jan 19, 2018   180.85   182.37   180.17   181.29   181.29   26826500
Jan 18, 2018   178.13   180.98   177.08   179.80   179.80   23304900
Jan 17, 2018   179.26   179.32   175.80   177.60   177.60   27992400
Jan 16, 2018   181.50   181.75   178.04   178.39   178.39   36183800
Jan 12, 2018   178.06   181.48   177.40   179.37   179.37   77551300
Jan 11, 2018   188.40   188.40   187.38   187.77   187.77   9588600
Jan 10, 2018   186.94   187.89   185.63   187.84   187.84   10529900
Jan 09, 2018   188.70   188.80   187.10   187.87   187.87   12393100
Jan 08, 2018   187.20   188.90   186.33   188.28   188.28   17994700
Jan 05, 2018   185.59   186.90   184.93   186.85   186.85   13574500
Jan 04, 2018   184.90   186.21   184.10   184.33   184.33   13880900
Jan 03, 2018   181.88   184.78   181.33   184.67   184.67   16886600
Jan 02, 2018   177.68   181.58   177.55   181.42   181.42   18151900
Dec 29, 2017   178.00   178.85   176.46   176.46   176.46   10261500
Dec 28, 2017   177.95   178.94   177.68   177.92   177.92   12220800
Dec 27, 2017   176.55   178.44   176.26   177.62   177.62   9496100
Dec 26, 2017   176.63   177.00   174.67   175.99   175.99   8897300
Dec 22, 2017   177.14   177.53   176.23   177.20   177.20   8509500
Dec 21, 2017   177.94   178.68   177.05   177.45   177.45   11600700
Dec 20, 2017   179.81   179.81   177.36   177.89   177.89   11860500
Dec 19, 2017   179.95   180.08   178.22   179.51   179.51   14920600
Dec 18, 2017   181.01   181.30   179.75   180.82   180.82   17265400
Dec 15, 2017   179.02   180.49   178.36   180.18   180.18   28463100
Dec 14, 2017   178.29   180.36   177.68   178.39   178.39   13591000
Dec 13, 2017   177.30   179.16   177.25   178.30   178.30   14615700
Dec 12, 2017   178.60   179.18   176.60   176.96   176.96   16854100
Dec 11, 2017   179.30   180.22   178.80   179.04   179.04   13168600
Dec 08, 2017   181.53   182.28   178.74   179.00   179.00   19883800
Dec 07, 2017   175.80   180.39   175.80   180.14   180.14   20404500
Dec 06, 2017   172.50   176.77   171.90   176.06   176.06   20255800
Dec 05, 2017   170.45   175.38   169.01   172.83   172.83   20184900
Dec 04, 2017   176.29   176.57   170.79   171.47   171.47   24459400
Dec 01, 2017   176.03   177.48   172.34   175.10   175.10   20182500
Nov 30, 2017   176.85   178.28   175.20   177.18   177.18   25307600
Nov 29, 2017   181.89   181.97   174.00   175.13   175.13   41933500
Nov 28, 2017   183.51   184.25   182.09   182.42   182.42   14379700
Nov 27, 2017   182.56   183.73   181.99   183.03   183.03   12344500
Nov 24, 2017   180.40   183.15   180.29   182.78   182.78   9426300
Nov 22, 2017   181.30   181.73   180.44   180.87   180.87   10376300
Nov 21, 2017   179.15   181.89   178.99   181.86   181.86   14504000
Nov 20, 2017   178.87   179.50   178.10   178.74   178.74   10052400
Nov 17, 2017   179.30   179.98   178.90   179.00   179.00   13018000
Nov 16, 2017   178.76   179.83   178.50   179.59   179.59   15607600
Nov 15, 2017   176.66   178.57   176.40   177.95   177.95   10253700
Nov 14, 2017   178.13   178.97   177.18   178.07   178.07   9585900
Nov 13, 2017   177.50   179.04   177.30   178.77   178.77   9523400
Nov 10, 2017   178.35   179.10   177.96   178.46   178.46   11070200
Nov 09, 2017   178.31   179.40   177.09   179.30   179.30   12610300
Nov 08, 2017   179.79   180.35   179.11   179.56   179.56   10494100
Nov 07, 2017   180.50   180.75   178.96   180.25   180.25   12928200
Nov 06, 2017   178.56   180.45   178.31   180.17   180.17   13312700
Nov 03, 2017   179.29   179.86   176.71   178.92   178.92   17822100
Nov 02, 2017   180.63   181.94   177.34   178.92   178.92   35529900
Nov 01, 2017   182.36   182.90   180.57   182.66   182.66   40918300
Oct 31, 2017   180.57   180.80   178.94   180.06   180.06   20174200
Oct 30, 2017   179.26   180.69   177.61   179.87   179.87   24353200
Oct 27, 2017   174.15   178.21   173.90   177.88   177.88   30285300
Oct 26, 2017   171.38   172.29   170.39   170.63   170.63   11833100
Oct 25, 2017   171.90   172.25   168.89   170.60   170.60   15868200
Oct 24, 2017   172.30   173.24   171.50   171.80   171.80   12267900
Oct 23, 2017   175.20   175.34   171.25   171.27   171.27   13852700
Oct 20, 2017   175.50   175.88   174.63   174.98   174.98   12602200
Oct 19, 2017   174.93   176.03   172.63   174.56   174.56   14048400
Oct 18, 2017   176.65   176.74   175.75   176.03   176.03   12752400
Oct 17, 2017   174.71   176.13   174.36   176.11   176.11   15990100
Oct 16, 2017   174.49   175.00   174.06   174.52   174.52   11498800
Oct 13, 2017   173.45   174.65   173.20   173.74   173.74   13658300
Oct 12, 2017   172.61   173.85   172.29   172.55   172.55   10351000
Oct 11, 2017   171.95   172.78   171.40   172.74   172.74   11283700
Oct 10, 2017   173.00   173.20   170.80   171.59   171.59   11341100
Oct 09, 2017   172.70   174.88   172.00   172.50   172.50   14570400
Oct 06, 2017   170.25   172.37   169.75   172.23   172.23   13124500
