Date           Open    High    Low     Close   AdjCl   Volume
Oct 01, 2020   123.94   124.57   122.87   123.92   123.92   1117300
Sep 30, 2020   122.08   124.42   121.30   122.71   122.71   1975800
Sep 29, 2020   125.32   126.36   118.01   121.38   121.38   2659400
Sep 28, 2020   125.86   126.34   123.98   125.37   125.37   838500
Sep 25, 2020   121.15   124.11   120.69   124.03   124.03   525100
Sep 24, 2020   119.57   122.27   119.25   121.30   121.30   586100
Sep 23, 2020   123.72   123.72   119.60   119.73   119.73   599200
Sep 22, 2020   122.11   123.35   120.26   123.32   123.32   822100
Sep 21, 2020   120.31   122.83   119.69   122.05   122.05   909900
Sep 18, 2020   125.00   125.49   121.79   122.45   122.45   1240500
Sep 17, 2020   125.44   125.44   123.59   124.44   124.44   869600
Sep 16, 2020   128.10   129.86   127.14   127.30   127.30   542000
Sep 15, 2020   128.01   128.89   127.29   128.16   128.16   374100
Sep 14, 2020   126.23   128.15   126.23   126.99   126.99   796000
Sep 11, 2020   126.08   126.80   124.74   125.70   125.70   551900
Sep 10, 2020   129.06   129.06   124.72   124.91   124.91   808200
Sep 09, 2020   128.21   129.92   127.01   129.19   128.70   654600
Sep 08, 2020   128.81   129.48   126.18   126.44   125.96   980700
Sep 04, 2020   134.10   134.14   128.60   130.29   129.80   742800
Sep 03, 2020   137.81   137.81   131.89   133.26   132.75   842400
Sep 02, 2020   135.32   137.94   135.00   137.28   136.76   761100
Sep 01, 2020   134.64   134.84   133.29   134.82   134.31   508700
Aug 31, 2020   132.53   135.11   132.13   134.42   133.91   1381700
Aug 28, 2020   132.62   132.62   131.43   131.84   131.34   428100
Aug 27, 2020   133.04   133.28   131.82   131.85   131.35   508600
Aug 26, 2020   130.41   133.58   130.21   132.54   132.04   645800
Aug 25, 2020   131.65   132.04   129.75   130.10   129.61   496800
Aug 24, 2020   130.29   131.69   129.69   131.58   131.08   692400
Aug 21, 2020   130.38   130.66   129.24   129.92   129.43   479900
Aug 20, 2020   129.46   131.47   129.46   130.46   129.97   517900
Aug 19, 2020   130.82   131.02   129.31   129.87   129.38   585800
Aug 18, 2020   130.29   130.81   129.33   130.05   129.56   578100
Aug 17, 2020   129.38   130.80   129.00   130.31   129.82   839100
Aug 14, 2020   130.07   130.63   128.71   129.24   128.75   678400
Aug 13, 2020   130.01   130.77   129.05   130.28   129.79   927000
Aug 12, 2020   131.15   133.05   130.24   130.42   129.93   1055900
Aug 11, 2020   132.00   132.29   130.12   130.47   129.98   587700
Aug 10, 2020   133.51   133.51   130.57   131.53   131.03   741000
Aug 07, 2020   129.84   132.88   129.61   132.87   132.37   727500
Aug 06, 2020   129.78   131.26   129.50   130.70   130.20   588900
Aug 05, 2020   130.30   130.47   129.04   130.36   129.87   580600
Aug 04, 2020   130.53   130.77   128.79   129.70   129.21   467700
Aug 03, 2020   131.84   132.39   129.95   130.35   129.86   508900
Jul 31, 2020   130.70   131.35   129.01   131.31   130.81   611900
Jul 30, 2020   129.61   130.38   128.67   129.90   129.41   552400
Jul 29, 2020   128.77   131.54   128.52   131.01   130.51   791900
Jul 28, 2020   129.56   129.96   127.40   128.15   127.66   704600
Jul 27, 2020   130.69   131.20   130.12   130.53   130.03   952500
Jul 24, 2020   131.29   131.39   129.05   130.56   130.06   898700
Jul 23, 2020   134.20   135.51   131.00   131.41   130.91   938100
Jul 22, 2020   133.01   135.32   131.55   134.10   133.59   1231200
Jul 21, 2020   130.69   131.85   129.49   131.01   130.51   933300
Jul 20, 2020   128.33   131.67   128.32   131.30   130.80   790100
Jul 17, 2020   127.70   129.15   127.22   128.44   127.95   748600
Jul 16, 2020   126.54   127.27   126.01   127.03   126.55   308100
Jul 15, 2020   126.00   127.36   125.08   126.84   126.36   534400
Jul 14, 2020   122.99   124.80   122.96   124.80   124.33   433600
Jul 13, 2020   124.02   126.22   122.94   123.00   122.53   619800
Jul 10, 2020   121.30   123.00   120.17   122.88   122.41   468800
Jul 09, 2020   122.27   122.50   119.21   120.80   120.34   563900
Jul 08, 2020   120.95   122.28   120.46   121.70   121.24   683000
Jul 07, 2020   120.26   121.79   119.76   120.47   120.01   463800
Jul 06, 2020   121.49   122.50   120.54   121.08   120.62   478800
Jul 02, 2020   122.58   123.12   120.00   120.06   119.60   756600
Jul 01, 2020   119.60   121.61   118.84   120.76   120.30   603000
Jun 30, 2020   116.83   119.98   116.45   119.47   119.02   629300
Jun 29, 2020   117.40   117.68   116.18   117.55   117.10   749100
Jun 26, 2020   118.12   118.34   115.41   115.82   115.38   1053700
Jun 25, 2020   115.00   118.99   114.66   118.69   118.24   554900
Jun 24, 2020   118.23   118.32   115.07   115.28   114.84   626700
Jun 23, 2020   120.22   120.88   118.29   118.60   118.15   706000
Jun 22, 2020   119.12   120.45   118.13   119.71   119.26   506400
Jun 19, 2020   120.28   122.15   118.41   118.83   118.38   989600
Jun 18, 2020   117.74   119.39   116.71   119.29   118.84   768000
Jun 17, 2020   119.07   119.67   117.91   118.13   117.68   593200
Jun 16, 2020   118.69   120.00   116.09   118.53   118.08   755900
Jun 15, 2020   112.54   118.36   112.23   117.37   116.92   781200
Jun 12, 2020   115.46   115.89   113.13   115.15   114.71   705500
Jun 11, 2020   118.49   118.87   112.72   113.25   112.82   866300
Jun 10, 2020   119.57   120.84   119.38   120.01   119.07   513100
Jun 09, 2020   120.36   121.16   119.15   120.09   119.15   825900
Jun 08, 2020   119.37   121.61   119.27   121.30   120.35   959200
Jun 05, 2020   119.54   120.25   115.33   119.90   118.96   1076100
Jun 04, 2020   119.10   119.37   116.44   117.93   117.00   601200
Jun 03, 2020   119.97   120.73   118.34   119.34   118.40   702800
Jun 02, 2020   119.25   119.80   118.28   119.24   118.30   519200
Jun 01, 2020   119.30   119.87   117.25   118.88   117.95   929500
May 29, 2020   116.32   118.83   115.70   118.46   117.53   831700
May 28, 2020   116.33   117.65   115.57   116.37   115.46   714300
May 27, 2020   117.78   117.99   114.22   115.19   114.28   845900
May 26, 2020   118.42   119.27   116.03   116.28   115.37   611900
May 22, 2020   114.08   115.79   113.83   115.34   114.43   440600
May 21, 2020   113.86   114.70   113.01   113.99   113.09   722000
May 20, 2020   112.99   115.61   112.99   114.71   113.81   531600
May 19, 2020   114.20   115.99   112.42   112.63   111.74   641300
May 18, 2020   114.92   115.91   113.86   114.94   114.04   865300
May 15, 2020   109.79   112.25   108.67   112.08   111.20   2078500
May 14, 2020   107.35   109.67   107.25   109.48   108.62   793200
May 13, 2020   108.52   110.30   107.45   108.89   108.03   927700
May 12, 2020   110.00   110.49   108.20   108.50   107.65   1070400
May 11, 2020   105.98   109.95   105.85   109.24   108.38   683300
May 08, 2020   109.21   109.29   107.08   107.59   106.74   895100
May 07, 2020   106.75   109.22   106.45   107.33   106.49   633600
May 06, 2020   109.77   109.77   105.60   105.63   104.80   710200
May 05, 2020   107.54   109.48   105.94   108.83   107.97   966500
May 04, 2020   105.81   106.63   104.38   106.13   105.30   722700
May 01, 2020   107.00   107.54   105.83   106.62   105.78   730700
Apr 30, 2020   108.75   111.14   108.32   109.67   108.81   693800
Apr 29, 2020   112.75   113.23   111.22   111.60   110.72   827000
Apr 28, 2020   113.53   114.42   110.65   111.21   110.34   1006200
Apr 27, 2020   107.11   111.89   107.00   111.63   110.75   922600
Apr 24, 2020   104.77   105.75   102.97   105.63   104.80   843600
Apr 23, 2020   106.97   106.97   102.82   103.85   103.03   905100
Apr 22, 2020   108.50   108.50   102.80   104.63   103.81   1362700
Apr 21, 2020   107.72   108.86   104.76   105.27   104.44   968400
Apr 20, 2020   109.77   110.88   108.76   109.78   108.92   922800
Apr 17, 2020   111.10   111.91   109.38   111.24   110.37   773800
Apr 16, 2020   106.89   108.93   106.50   108.31   107.46   722700
Apr 15, 2020   106.11   108.11   104.61   106.00   105.17   829900
Apr 14, 2020   105.65   107.88   104.27   107.56   106.71   1384400
Apr 13, 2020   105.29   106.99   102.67   103.29   102.48   805600
Apr 09, 2020   104.78   108.59   104.78   107.92   107.07   740600
Apr 08, 2020   101.53   104.81   101.23   104.13   103.31   744900
Apr 07, 2020   104.72   107.11   100.22   100.94   100.15   1125500
Apr 06, 2020   99.89   102.27   98.07   101.59   100.79   916800
Apr 03, 2020   94.53   95.92   93.57   95.22   94.47   851900
Apr 02, 2020   92.05   94.45   90.33   93.96   93.22   1237100
Apr 01, 2020   90.12   93.29   90.00   92.27   91.54   1058800
Mar 31, 2020   99.52   100.40   94.58   94.95   94.20   1515700
Mar 30, 2020   94.03   99.83   92.81   99.44   98.66   1437400
Mar 27, 2020   90.04   95.44   89.28   92.78   92.05   1127300
Mar 26, 2020   88.05   96.09   88.05   93.82   93.08   1699300
Mar 25, 2020   82.99   91.02   82.28   86.96   86.28   1969100
Mar 24, 2020   76.91   83.19   76.39   82.99   82.34   1975400
Mar 23, 2020   80.57   80.57   71.66   72.86   72.29   1793900
Mar 20, 2020   89.82   89.82   79.67   80.50   79.87   2161500
Mar 19, 2020   91.77   92.60   85.52   88.00   87.31   1753500
Mar 18, 2020   90.44   95.49   89.15   91.57   90.85   2265800
Mar 17, 2020   87.47   95.88   87.00   95.03   94.28   2225400
Mar 16, 2020   87.00   92.78   83.35   85.31   84.64   1417200
Mar 13, 2020   93.15   96.37   85.72   96.05   95.30   1680900
Mar 12, 2020   91.43   93.32   88.30   88.63   87.93   1766600
Mar 11, 2020   101.86   101.96   97.79   99.32   98.07   1827400
Mar 10, 2020   108.32   108.79   102.20   104.70   103.39   1989000
Mar 09, 2020   102.72   108.42   102.46   105.72   104.39   1434200
Mar 06, 2020   110.87   112.29   107.67   110.50   109.11   1260000
Mar 05, 2020   112.57   114.59   111.59   114.10   112.67   1645100
Mar 04, 2020   112.17   116.55   110.50   116.37   114.91   1206500
Mar 03, 2020   110.74   114.07   109.13   110.07   108.69   1317200
Mar 02, 2020   103.00   110.35   103.00   110.12   108.74   1264100
Feb 28, 2020   105.23   105.45   100.47   102.55   101.26   2281000
Feb 27, 2020   112.00   112.51   107.32   107.45   106.10   1342500
Feb 26, 2020   112.47   114.66   112.47   113.02   111.60   948100
Feb 25, 2020   114.91   115.32   111.85   112.41   111.00   963600
Feb 24, 2020   112.84   115.42   112.39   114.74   113.30   1217800
Feb 21, 2020   114.24   115.45   113.99   115.18   113.73   2527200
Feb 20, 2020   115.55   115.80   113.32   114.49   113.05   692300
Feb 19, 2020   115.97   117.33   115.20   115.27   113.82   726400
Feb 18, 2020   113.50   116.16   113.13   115.67   114.22   1085100
Feb 14, 2020   114.64   116.25   114.64   116.20   114.74   530400
Feb 13, 2020   114.17   114.90   113.95   114.40   112.96   409800
Feb 12, 2020   114.90   115.06   112.94   114.06   112.63   582600
Feb 11, 2020   115.72   116.68   114.68   114.80   113.36   463000
Feb 10, 2020   114.12   115.85   114.01   115.73   114.28   941300
Feb 07, 2020   115.97   116.30   114.24   114.33   112.89   959400
Feb 06, 2020   117.21   117.23   115.53   115.85   114.40   910600
Feb 05, 2020   119.24   119.25   115.90   116.47   115.01   1020200
Feb 04, 2020   118.94   120.23   118.46   118.67   117.18   866700
Feb 03, 2020   117.28   118.89   117.03   117.79   116.31   718800
Jan 31, 2020   115.85   116.80   115.55   116.46   115.00   912300
Jan 30, 2020   115.25   116.12   113.40   115.96   114.50   990400
Jan 29, 2020   112.15   115.77   109.76   115.34   113.89   1275100
Jan 28, 2020   109.83   111.59   109.80   111.14   109.74   1058600
Jan 27, 2020   109.13   110.28   109.00   109.78   108.40   979600
Jan 24, 2020   109.66   110.29   109.24   110.21   108.83   695900
Jan 23, 2020   109.05   109.68   108.48   109.63   108.25   483200
Jan 22, 2020   109.38   109.45   108.22   109.14   107.77   585900
Jan 21, 2020   109.12   110.15   108.97   109.25   107.88   733800
Jan 17, 2020   108.46   109.37   108.03   109.31   107.94   790800
Jan 16, 2020   108.56   108.64   107.78   108.31   106.95   1085300
Jan 15, 2020   106.40   108.21   106.40   107.86   106.51   623200
Jan 14, 2020   107.26   107.26   106.33   106.55   105.21   705200
Jan 13, 2020   107.00   107.53   106.83   107.09   105.75   394800
Jan 10, 2020   107.75   107.85   106.78   106.84   105.50   427300
Jan 09, 2020   106.27   107.89   105.99   107.35   106.00   530000
Jan 08, 2020   106.51   106.96   105.24   105.83   104.50   1167000
Jan 07, 2020   108.00   108.26   106.39   106.42   105.08   557700
Jan 06, 2020   107.79   108.26   106.89   108.21   106.85   718400
Jan 03, 2020   106.98   108.48   106.74   108.28   106.92   721600
Jan 02, 2020   107.26   107.96   107.17   107.82   106.47   641300
Dec 31, 2019   107.04   107.56   106.66   107.10   105.76   308800
Dec 30, 2019   108.12   108.12   106.83   107.02   105.68   379300
Dec 27, 2019   107.92   108.28   107.54   107.99   106.63   465500
Dec 26, 2019   106.78   107.80   106.78   107.79   106.44   241200
Dec 24, 2019   107.08   107.42   106.42   106.69   105.35   305700
Dec 23, 2019   107.63   107.90   107.03   107.17   105.82   514800
Dec 20, 2019   107.74   108.00   106.77   107.60   106.25   861200
Dec 19, 2019   106.34   107.36   106.10   107.02   105.68   843700
Dec 18, 2019   106.27   106.62   105.65   105.92   104.59   446100
Dec 17, 2019   105.56   106.29   104.88   106.00   104.67   700500
Dec 16, 2019   105.17   106.72   105.07   105.20   103.88   740600
Dec 13, 2019   103.85   104.54   103.47   104.48   103.17   497900
Dec 12, 2019   103.60   104.48   103.21   104.13   102.82   417700
Dec 11, 2019   104.53   104.97   103.80   103.89   102.12   580100
Dec 10, 2019   104.54   104.76   104.29   104.61   102.83   727000
Dec 09, 2019   105.01   105.11   104.36   104.64   102.86   485100
Dec 06, 2019   105.02   105.62   104.69   105.23   103.44   601700
Dec 05, 2019   105.37   105.40   104.41   104.67   102.89   598800
Dec 04, 2019   104.52   105.63   104.31   105.21   103.42   604000
Dec 03, 2019   103.96   104.99   103.96   104.48   102.70   554200
Dec 02, 2019   104.67   104.77   103.76   104.46   102.68   552500
Nov 29, 2019   104.02   104.87   103.75   104.80   103.02   264700
Nov 27, 2019   105.54   105.54   103.81   104.25   102.48   1656700
Nov 26, 2019   104.81   105.19   104.38   104.83   103.05   535000
Nov 25, 2019   104.79   105.02   104.15   104.64   102.86   767300
Nov 22, 2019   104.56   105.03   103.42   104.37   102.59   712100
Nov 21, 2019   105.97   106.23   104.47   104.74   102.96   774900
Nov 20, 2019   104.98   105.81   104.78   105.70   103.90   697100
Nov 19, 2019   104.80   105.24   103.78   105.07   103.28   888200
Nov 18, 2019   103.78   104.68   103.52   104.60   102.82   972200
Nov 15, 2019   103.11   104.15   102.83   103.59   101.83   2597200
Nov 14, 2019   103.27   103.31   102.39   103.26   101.50   804600
Nov 13, 2019   102.05   103.75   101.24   103.27   101.51   805700
Nov 12, 2019   102.63   102.63   101.30   102.45   100.71   809400
Nov 11, 2019   100.37   102.58   100.22   102.53   100.78   825300
Nov 08, 2019   100.31   101.26   100.16   100.66   98.95   919700
Nov 07, 2019   100.44   100.67   99.16   100.53   98.82   959300
Nov 06, 2019   98.16   100.08   97.98   99.92   98.22   678200
Nov 05, 2019   98.92   99.06   97.90   98.42   96.74   518300
Nov 04, 2019   99.73   99.78   98.53   98.59   96.91   553200
Nov 01, 2019   100.46   100.46   98.67   99.23   97.54   543600
Oct 31, 2019   99.74   100.23   98.97   99.77   98.07   540200
Oct 30, 2019   98.69   100.39   98.13   100.06   98.36   478500
Oct 29, 2019   98.41   100.19   98.12   98.64   96.96   446200
Oct 28, 2019   98.67   99.08   98.15   98.73   97.05   623200
Oct 25, 2019   99.91   100.49   97.42   98.43   96.75   1022000
Oct 24, 2019   102.00   102.00   100.27   100.99   99.27   706300
Oct 23, 2019   99.73   101.56   98.20   101.31   99.59   1365100
Oct 22, 2019   98.06   98.79   96.62   97.86   96.19   1061700
Oct 21, 2019   99.25   99.25   97.59   98.16   96.49   658500
Oct 18, 2019   98.38   99.05   97.65   98.62   96.94   676900
Oct 17, 2019   98.04   98.47   97.67   98.33   96.66   1102000
Oct 16, 2019   97.61   98.24   96.43   98.06   96.39   967300
Oct 15, 2019   98.58   99.02   97.78   97.92   96.25   507700
Oct 14, 2019   99.38   99.66   98.24   98.35   96.68   465300
Oct 11, 2019   99.75   99.83   98.24   99.31   97.62   761600
Oct 10, 2019   97.37   98.91   97.02   98.56   96.88   514700
Oct 09, 2019   97.97   98.26   96.89   97.33   95.67   580500
Oct 08, 2019   98.64   98.64   96.88   97.08   95.43   730100
Oct 07, 2019   98.90   99.86   98.05   99.01   97.32   658000
Oct 04, 2019   97.39   99.34   97.38   99.23   97.54   542400
Oct 03, 2019   95.53   97.18   95.30   97.14   95.49   446600
Oct 02, 2019   97.85   97.95   95.63   95.74   94.11   856600
Oct 01, 2019   99.31   99.33   98.03   98.59   96.91   567100
Sep 30, 2019   100.22   100.43   99.15   99.35   97.66   634500
Sep 27, 2019   102.57   102.80   99.76   100.08   98.38   643100
Sep 26, 2019   102.40   102.40   100.94   101.82   100.09   443000
Sep 25, 2019   101.82   103.05   101.13   102.76   101.01   1140600
Sep 24, 2019   101.32   102.52   100.61   101.37   99.64   1050200
Sep 23, 2019   100.62   101.69   100.06   100.25   98.54   764100
Sep 20, 2019   101.91   101.98   100.59   100.68   98.97   620200
Sep 19, 2019   102.49   103.32   101.17   101.68   99.95   407600
Sep 18, 2019   103.22   103.28   101.27   102.62   100.87   469600
Sep 17, 2019   99.89   103.02   99.27   102.73   100.98   1103200
Sep 16, 2019   99.35   100.52   98.47   99.28   97.59   632000
Sep 13, 2019   99.68   99.89   97.75   99.52   97.83   569500
Sep 12, 2019   98.29   100.01   98.29   99.00   97.31   488100
Sep 11, 2019   98.08   98.60   96.73   98.18   96.05   840300
Sep 10, 2019   102.89   102.89   97.56   98.15   96.02   780700
Sep 09, 2019   104.79   105.26   102.67   102.84   100.61   537400
Sep 06, 2019   102.35   104.44   102.15   104.26   101.99   751600
Sep 05, 2019   100.71   102.11   100.24   102.02   99.80   608900
Sep 04, 2019   100.02   100.17   99.15   99.91   97.74   405000
Sep 03, 2019   99.84   100.10   99.02   99.53   97.37   363900
Aug 30, 2019   100.03   100.39   99.38   99.84   97.67   385200
Aug 29, 2019   99.64   99.83   98.54   99.77   97.60   338800
Aug 28, 2019   98.02   98.59   97.30   98.53   96.39   313700
Aug 27, 2019   99.39   99.39   97.84   98.27   96.13   494100
Aug 26, 2019   98.24   98.70   97.46   98.67   96.53   598200
Aug 23, 2019   99.69   100.45   97.00   97.52   95.40   681400
Aug 22, 2019   99.63   100.42   99.19   100.13   97.95   419600
Aug 21, 2019   99.50   99.50   98.60   99.32   97.16   408500
Aug 20, 2019   99.01   99.69   98.45   98.91   96.76   556600
Aug 19, 2019   98.40   99.68   98.17   99.42   97.26   621500
Aug 16, 2019   97.38   97.97   96.94   97.53   95.41   585900
Aug 15, 2019   95.45   97.35   95.36   96.98   94.87   465900
Aug 14, 2019   96.40   97.50   95.26   95.32   93.25   560500
Aug 13, 2019   96.27   98.48   96.10   97.93   95.80   573200
Aug 12, 2019   97.91   98.17   96.57   96.58   94.48   498500
Aug 09, 2019   97.92   98.97   97.42   98.54   96.40   586900
Aug 08, 2019   96.79   98.38   96.05   98.26   96.12   742600
Aug 07, 2019   94.89   96.48   93.46   96.12   94.03   945000
Aug 06, 2019   95.01   96.14   94.21   95.85   93.77   765900
Aug 05, 2019   97.31   97.33   93.95   94.36   92.31   1072700
Aug 02, 2019   97.72   98.47   96.96   97.95   95.82   775100
Aug 01, 2019   96.20   98.25   96.20   97.65   95.53   986200
Jul 31, 2019   96.98   97.05   95.85   96.37   94.28   592400
Jul 30, 2019   96.34   97.08   95.96   96.80   94.70   587300
Jul 29, 2019   98.09   98.22   96.42   96.67   94.57   599700
Jul 26, 2019   97.79   98.39   97.38   98.06   95.93   774000
Jul 25, 2019   98.23   98.81   97.45   97.61   95.49   1147300
Jul 24, 2019   99.99   100.24   96.27   98.22   96.09   2170500
Jul 23, 2019   101.81   102.56   100.44   100.86   98.67   1174600
Jul 22, 2019   100.50   102.39   99.25   101.78   99.57   730200
Jul 19, 2019   103.14   103.39   101.68   101.73   99.52   664800
Jul 18, 2019   102.51   103.35   102.21   103.14   100.90   706400
Jul 17, 2019   103.25   103.57   102.51   102.64   100.41   803400
Jul 16, 2019   104.45   104.69   103.28   103.29   101.05   664400
Jul 15, 2019   104.36   104.46   103.60   104.22   101.96   520700
Jul 12, 2019   104.23   104.62   103.75   104.28   102.01   532500
Jul 11, 2019   103.04   104.12   102.60   104.01   101.75   774700
Jul 10, 2019   102.17   103.60   102.17   103.02   100.78   906400
Jul 09, 2019   100.55   101.67   100.37   101.61   99.40   458600
Jul 08, 2019   100.91   101.30   100.38   100.84   98.65   839700
Jul 05, 2019   101.28   101.42   100.11   101.05   98.85   768700
Jul 03, 2019   99.23   101.63   99.21   101.42   99.22   1180900
Jul 02, 2019   97.43   99.89   97.01   99.66   97.49   1400100
Jul 01, 2019   97.04   97.45   96.42   97.15   95.04   1031700
Jun 28, 2019   96.09   96.78   96.00   96.17   94.08   904300
Jun 27, 2019   95.16   96.52   95.16   96.17   94.08   579900
Jun 26, 2019   98.00   98.08   94.45   94.61   92.55   1366900
Jun 25, 2019   97.08   98.16   96.62   98.00   95.87   777300
Jun 24, 2019   98.19   98.57   96.30   96.87   94.77   665400
Jun 21, 2019   97.69   98.73   97.48   98.29   96.15   977800
Jun 20, 2019   96.99   97.89   96.53   97.74   95.62   450200
Jun 19, 2019   95.89   96.95   95.44   96.51   94.41   428000
Jun 18, 2019   95.43   96.33   95.26   95.91   93.83   517200
Jun 17, 2019   95.93   96.21   95.07   95.17   93.10   433900
Jun 14, 2019   95.62   95.99   95.00   95.71   93.63   391300
Jun 13, 2019   95.30   95.52   94.29   95.44   93.37   478400
Jun 12, 2019   94.96   95.71   94.76   95.45   92.92   530700
Jun 11, 2019   97.25   97.47   95.13   95.26   92.73   439600
Jun 10, 2019   96.60   97.11   96.25   96.67   94.10   433500
Jun 07, 2019   96.05   96.96   95.54   96.16   93.61   607500
Jun 06, 2019   96.25   96.33   95.34   95.89   93.34   601100
Jun 05, 2019   93.04   96.32   92.98   96.18   93.63   976300
Jun 04, 2019   91.50   92.94   91.02   92.76   90.30   650100
Jun 03, 2019   90.60   91.48   90.17   90.71   88.30   638600
May 31, 2019   90.33   90.99   89.73   90.64   88.23   541200
May 30, 2019   90.60   91.50   90.29   90.65   88.24   472500
May 29, 2019   90.02   90.44   89.62   90.34   87.94   508500
May 28, 2019   90.11   91.25   89.96   89.97   87.58   671500
May 24, 2019   90.42   90.91   89.81   90.03   87.64   327700
May 23, 2019   89.47   90.48   89.18   90.02   87.63   542500
May 22, 2019   90.81   91.05   90.07   90.36   87.96   591700
May 21, 2019   90.88   91.51   90.86   91.28   88.86   553100
May 20, 2019   90.00   90.45   89.80   90.26   87.86   415900
May 17, 2019   90.69   91.06   90.17   90.30   87.90   822800
May 16, 2019   90.87   91.21   90.15   90.93   88.52   593400
May 15, 2019   90.68   91.52   90.26   90.76   88.35   398500
May 14, 2019   91.15   92.19   91.08   91.17   88.75   590700
May 13, 2019   91.32   91.32   90.21   90.90   88.49   617000
May 10, 2019   90.88   92.60   90.40   92.51   90.05   593700
May 09, 2019   90.15   91.38   89.58   91.16   88.74   400200
May 08, 2019   90.81   91.57   90.57   90.99   88.57   367200
May 07, 2019   92.09   92.49   90.45   90.90   88.49   455400
May 06, 2019   91.72   92.92   91.05   92.73   90.27   391100
May 03, 2019   92.61   92.95   92.03   92.12   89.67   420700
May 02, 2019   92.45   92.95   91.98   92.26   89.81   689800
May 01, 2019   92.19   93.32   91.63   92.32   89.87   716200
Apr 30, 2019   91.44   92.32   91.34   92.20   89.75   707200
Apr 29, 2019   90.00   91.60   89.84   91.45   89.02   628200
Apr 26, 2019   89.63   90.09   88.76   89.86   87.47   791500
Apr 25, 2019   88.85   89.58   88.22   89.44   87.07   734400
Apr 24, 2019   89.89   91.29   87.97   89.18   86.81   940900
Apr 23, 2019   89.76   90.19   89.35   89.65   87.27   1251600
Apr 22, 2019   89.92   90.11   89.30   89.73   87.35   475500
Apr 18, 2019   90.28   90.56   89.80   89.99   87.60   556400
Apr 17, 2019   89.81   90.36   89.52   90.20   87.81   457100
Apr 16, 2019   88.84   89.85   88.46   89.75   87.37   536800
Apr 15, 2019   87.80   88.67   87.39   88.47   86.12   368200
Apr 12, 2019   87.76   87.97   86.93   87.80   85.47   647200
Apr 11, 2019   87.65   87.81   86.52   87.03   84.72   895800
Apr 10, 2019   87.86   87.94   87.07   87.50   85.18   600400
Apr 09, 2019   88.34   88.87   87.45   87.70   85.37   396800
Apr 08, 2019   88.61   89.38   87.99   88.76   86.40   567400
Apr 05, 2019   89.43   89.48   88.18   88.59   86.24   780400
Apr 04, 2019   89.30   89.63   88.67   89.18   86.81   487800
Apr 03, 2019   89.60   89.88   89.00   89.30   86.93   674100
Apr 02, 2019   88.30   89.09   88.10   89.01   86.65   677800
Apr 01, 2019   88.23   88.57   87.64   88.40   86.05   648900
Mar 29, 2019   87.26   87.83   86.90   87.49   85.17   1221600
Mar 28, 2019   86.22   86.80   85.85   86.74   84.44   625900
Mar 27, 2019   85.79   86.22   85.19   86.10   83.81   1095800
Mar 26, 2019   85.36   85.93   84.94   85.82   83.54   541000
Mar 25, 2019   83.95   85.34   83.95   84.91   82.66   725700
Mar 22, 2019   83.81   84.33   83.31   83.89   81.66   725300
Mar 21, 2019   83.08   84.66   83.08   84.35   82.11   593200
Mar 20, 2019   84.15   84.47   83.20   83.36   81.15   571000
Mar 19, 2019   84.57   85.30   83.82   84.14   81.91   524500
Mar 18, 2019   83.80   84.44   83.80   84.24   82.00   668400
Mar 15, 2019   84.00   84.60   83.41   83.55   81.33   1149400
Mar 14, 2019   84.72   85.01   83.81   83.99   81.76   847800
Mar 13, 2019   84.19   85.97   83.90   85.05   82.36   1067600
Mar 12, 2019   84.35   84.45   83.78   83.82   81.17   849900
Mar 11, 2019   83.76   84.33   83.74   84.02   81.37   910800
Mar 08, 2019   85.23   85.47   82.22   83.44   80.80   1574500
Mar 07, 2019   87.67   87.67   85.71   85.97   83.25   2420000
Mar 06, 2019   88.96   89.00   87.29   87.67   84.90   981100
Mar 05, 2019   90.15   90.30   88.40   88.74   85.94   841400
Mar 04, 2019   92.17   92.49   89.59   90.15   87.30   791700
Mar 01, 2019   92.21   92.51   91.65   91.99   89.08   663800
Feb 28, 2019   90.87   91.59   90.87   91.57   88.68   654300
Feb 27, 2019   90.86   91.40   90.72   90.80   87.93   1046600
Feb 26, 2019   90.15   91.24   90.00   91.10   88.22   1245000
Feb 25, 2019   89.42   90.56   89.41   90.14   87.29   1238500
Feb 22, 2019   88.10   89.10   88.10   89.04   86.23   686000
Feb 21, 2019   88.16   88.25   87.65   88.07   85.29   960500
Feb 20, 2019   87.75   88.09   87.22   88.08   85.30   755000
Feb 19, 2019   87.47   88.19   87.43   87.82   85.05   702400
Feb 15, 2019   87.57   87.78   86.95   87.76   84.99   878600
Feb 14, 2019   87.23   88.94   86.53   87.16   84.41   1292800
Feb 13, 2019   87.83   88.32   87.68   87.99   85.21   564100
Feb 12, 2019   86.99   87.81   86.92   87.57   84.80   498900
Feb 11, 2019   87.28   87.39   86.39   86.70   83.96   556900
Feb 08, 2019   86.56   87.09   85.82   87.06   84.31   523600
Feb 07, 2019   86.53   86.91   85.77   86.82   84.08   610300
Feb 06, 2019   86.88   87.12   86.46   86.93   84.18   478900
Feb 05, 2019   87.06   87.06   86.11   86.81   84.07   684700
Feb 04, 2019   87.41   87.44   85.89   86.96   84.21   820800
Feb 01, 2019   88.04   88.69   86.85   87.38   84.62   715400
Jan 31, 2019   86.38   88.16   86.10   88.04   85.26   790800
Jan 30, 2019   85.03   87.98   83.91   86.69   83.95   1365100
Jan 29, 2019   86.15   86.37   85.42   85.81   83.10   1294800
Jan 28, 2019   85.11   86.08   84.71   86.07   83.35   594500
Jan 25, 2019   85.70   86.11   85.19   85.69   82.98   760400
Jan 24, 2019   84.48   85.08   84.23   84.99   82.31   1004100
Jan 23, 2019   83.54   84.83   83.39   84.73   82.05   731700
Jan 22, 2019   83.01   83.84   82.38   83.40   80.77   987400
Jan 18, 2019   82.90   83.81   82.44   83.14   80.51   684800
Jan 17, 2019   82.95   83.30   82.14   82.44   79.84   628800
Jan 16, 2019   81.40   83.17   81.01   82.96   80.34   940900
Jan 15, 2019   80.36   81.27   80.36   81.04   78.48   477600
Jan 14, 2019   80.05   80.89   80.05   80.53   77.99   717200
Jan 11, 2019   80.00   80.80   79.59   80.70   78.15   731000
Jan 10, 2019   79.83   80.68   79.16   80.55   78.01   724300
Jan 09, 2019   80.01   80.56   79.48   79.97   77.44   896600
Jan 08, 2019   80.37   80.98   78.90   79.58   77.07   1105400
Jan 07, 2019   79.97   80.96   79.04   79.81   77.29   1418800
Jan 04, 2019   80.03   82.35   79.36   81.95   79.36   1382000
Jan 03, 2019   81.92   81.92   78.66   78.82   76.33   1058100
Jan 02, 2019   80.60   82.02   80.57   81.00   78.44   822600
Dec 31, 2018   80.92   82.05   80.55   81.57   78.99   458100
Dec 28, 2018   81.13   81.85   79.60   80.53   77.99   967800
Dec 27, 2018   78.47   80.70   77.82   80.69   78.14   844300
Dec 26, 2018   77.32   79.30   75.49   79.27   76.77   800000
Dec 24, 2018   78.43   78.89   76.67   76.75   74.33   569000
Dec 21, 2018   80.67   82.49   79.48   79.51   77.00   1664900
Dec 20, 2018   82.85   83.20   80.53   81.01   78.45   965400
Dec 19, 2018   83.99   84.97   82.41   83.01   80.39   1017400
Dec 18, 2018   85.75   86.42   83.43   83.74   81.10   1006000
Dec 17, 2018   86.30   86.51   85.03   85.25   82.56   876800
Dec 14, 2018   86.72   87.34   86.01   86.54   83.81   535900
Dec 13, 2018   87.41   87.68   86.40   87.02   84.27   584900
Dec 12, 2018   88.16   88.72   87.41   87.49   84.30   560300
Dec 11, 2018   88.26   89.62   87.24   87.31   84.13   858200
Dec 10, 2018   87.36   87.36   85.11   87.10   83.93   1033500
Dec 07, 2018   89.95   90.11   87.17   87.36   84.18   1167400
Dec 06, 2018   89.61   90.19   88.74   89.89   86.61   1720400
Dec 04, 2018   92.59   92.96   90.10   90.40   87.10   999800
Dec 03, 2018   92.37   93.14   91.96   92.65   89.27   902600
Nov 30, 2018   90.33   91.62   90.04   91.32   87.99   930400
Nov 29, 2018   89.80   91.38   89.11   90.39   87.10   740700
Nov 28, 2018   89.89   90.21   88.66   89.93   86.65   1198200
Nov 27, 2018   89.15   89.88   88.85   89.46   86.20   1040900
Nov 26, 2018   88.60   89.65   88.52   89.43   86.17   1214600
Nov 23, 2018   87.00   88.15   86.32   87.86   84.66   652700
Nov 21, 2018   88.09   88.09   86.99   87.26   84.08   1222700
Nov 20, 2018   88.25   88.25   86.33   87.43   84.24   1186800
Nov 19, 2018   88.67   89.32   88.43   88.99   85.75   1014600
Nov 16, 2018   87.72   89.00   87.20   88.74   85.51   1001100
Nov 15, 2018   85.91   88.19   85.22   88.08   84.87   958000
Nov 14, 2018   89.14   89.72   85.64   85.89   82.76   1479100
Nov 13, 2018   88.71   89.35   88.13   88.65   85.42   1055800
Nov 12, 2018   90.38   90.55   88.32   88.60   85.37   767800
Nov 09, 2018   90.94   91.31   89.60   90.40   87.10   699100
Nov 08, 2018   90.01   91.45   90.01   91.34   88.01   670600
Nov 07, 2018   90.16   90.96   89.69   90.76   87.45   1037900
Nov 06, 2018   88.48   89.73   88.47   89.61   86.34   842800
Nov 05, 2018   87.14   88.83   87.08   88.76   85.52   817600
Nov 02, 2018   87.40   87.87   86.14   87.00   83.83   738800
Nov 01, 2018   86.57   87.48   85.94   87.00   83.83   1087800
Oct 31, 2018   86.44   87.13   86.13   86.71   83.55   1160000
Oct 30, 2018   84.47   85.94   83.68   85.83   82.70   1180500
Oct 29, 2018   84.37   85.07   83.10   84.08   81.02   1393200
Oct 26, 2018   83.00   84.15   82.13   83.51   80.47   1429500
Oct 25, 2018   81.75   84.03   81.08   83.59   80.54   1788000
Oct 24, 2018   81.21   82.86   79.99   81.49   78.52   2341500
Oct 23, 2018   79.47   81.85   79.47   81.65   78.67   1851300
Oct 22, 2018   81.07   81.71   80.84   81.01   78.06   952400
Oct 19, 2018   80.15   81.20   79.81   80.72   77.78   666100
Oct 18, 2018   80.63   81.52   79.80   79.96   77.05   829000
Oct 17, 2018   81.16   81.36   79.31   80.63   77.69   2256200
Oct 16, 2018   80.71   82.27   80.39   81.93   78.94   808300
Oct 15, 2018   79.91   80.68   79.79   80.01   77.09   1048400
Oct 12, 2018   82.88   82.88   79.09   80.02   77.10   1242400
Oct 11, 2018   81.59   82.29   78.97   79.65   76.75   2049100
Oct 10, 2018   84.24   84.66   81.86   81.97   78.98   946800
Oct 09, 2018   84.70   84.99   83.41   84.45   81.37   658400
Oct 08, 2018   85.43   85.55   84.13   84.94   81.84   606900
Oct 05, 2018   86.03   86.46   85.18   85.53   82.41   602000
Oct 04, 2018   85.67   86.90   85.40   85.83   82.70   932900
Oct 03, 2018   86.43   86.48   85.31   85.76   82.63   903900
Oct 02, 2018   87.06   87.13   85.44   85.92   82.79   1209900
Oct 01, 2018   86.41   87.36   85.88   87.13   83.95   1008900
Sep 28, 2018   86.22   86.58   85.73   85.80   82.67   998800
Sep 27, 2018   86.21   86.78   86.07   86.45   83.30   1114100
Sep 26, 2018   87.55   88.09   85.84   85.92   82.79   1381400
Sep 25, 2018   90.01   90.08   87.64   87.68   84.48   1284900
Sep 24, 2018   90.30   90.34   89.74   89.89   86.61   715400
Sep 21, 2018   90.12   90.76   89.67   90.55   87.25   1322200
Sep 20, 2018   90.34   90.81   89.33   89.85   86.57   873700
Sep 19, 2018   89.68   90.30   88.93   89.97   86.69   859500
Sep 18, 2018   89.13   90.13   89.13   90.09   86.81   834900
Sep 17, 2018   90.75   90.75   88.99   89.12   85.87   1029100
Sep 14, 2018   91.53   91.93   90.66   90.73   87.42   507400
Sep 13, 2018   91.76   91.96   90.90   91.85   88.50   655700
Sep 12, 2018   93.82   94.14   91.34   91.52   87.76   824800
Sep 11, 2018   93.14   94.16   92.80   93.76   89.91   480800
Sep 10, 2018   93.36   94.10   93.19   93.40   89.56   469700
Sep 07, 2018   93.07   93.70   92.80   93.15   89.32   559300
Sep 06, 2018   94.42   94.98   92.97   93.08   89.26   751700
Sep 05, 2018   96.58   96.84   94.25   94.50   90.62   941800
Sep 04, 2018   95.51   96.76   95.47   96.74   92.77   1062800
Aug 31, 2018   94.42   95.56   93.99   95.44   91.52   806900
Aug 30, 2018   94.71   94.81   94.29   94.50   90.62   460500
Aug 29, 2018   95.06   95.39   94.53   94.85   90.95   505000
Aug 28, 2018   95.17   95.93   94.99   95.10   91.19   508000
Aug 27, 2018   94.83   95.77   94.83   95.02   91.12   683300
Aug 24, 2018   93.35   94.96   93.24   94.73   90.84   698200
Aug 23, 2018   92.84   93.56   92.84   93.31   89.48   539400
Aug 22, 2018   92.22   92.99   91.91   92.86   89.04   465600
Aug 21, 2018   93.19   93.36   92.42   92.53   88.73   631400
Aug 20, 2018   92.90   93.36   92.80   93.16   89.33   412800
Aug 17, 2018   92.69   93.12   92.22   93.04   89.22   570500
Aug 16, 2018   92.99   93.20   92.20   92.69   88.88   437500
Aug 15, 2018   92.07   93.06   91.82   92.10   88.32   603600
Aug 14, 2018   92.22   92.73   92.18   92.56   88.76   882000
Aug 13, 2018   92.24   93.35   91.50   92.00   88.22   579200
Aug 10, 2018   92.21   93.59   91.64   92.12   88.34   897800
Aug 09, 2018   93.00   93.62   92.64   92.82   89.01   438900
Aug 08, 2018   93.47   93.62   92.81   92.96   89.14   499100
Aug 07, 2018   92.33   93.57   92.18   93.35   89.51   748300
Aug 06, 2018   91.40   92.01   91.31   91.94   88.16   478400
Aug 03, 2018   91.75   91.97   90.93   91.49   87.73   605800
Aug 02, 2018   90.90   92.18   90.58   91.75   87.98   736800
Aug 01, 2018   91.61   92.93   91.36   91.39   87.64   849000
Jul 31, 2018   93.07   93.54   90.57   91.40   87.64   1316900
Jul 30, 2018   95.76   95.82   92.33   92.51   88.71   1274200
Jul 27, 2018   94.34   95.89   94.34   95.68   91.75   1246800
Jul 26, 2018   94.07   94.61   93.87   94.06   90.20   911100
Jul 25, 2018   94.00   94.29   92.31   94.11   90.24   1204700
Jul 24, 2018   95.66   95.66   95.05   95.23   91.32   1219000
Jul 23, 2018   94.80   95.55   94.75   95.51   91.59   763800
Jul 20, 2018   94.73   95.08   94.30   95.00   91.10   484900
Jul 19, 2018   95.14   95.88   94.90   95.00   91.10   574900
Jul 18, 2018   94.52   95.65   94.40   95.59   91.66   528500
Jul 17, 2018   93.55   94.50   93.32   94.45   90.57   789200
Jul 16, 2018   93.16   94.41   93.16   93.89   90.03   493100
Jul 13, 2018   93.23   93.52   92.67   93.11   89.28   608700
Jul 12, 2018   91.94   93.57   91.83   93.37   89.53   1184400
Jul 11, 2018   90.31   91.57   90.31   91.38   87.63   731200
Jul 10, 2018   90.78   91.44   90.63   90.76   87.03   820800
Jul 09, 2018   90.40   91.53   90.40   91.18   87.43   733700
Jul 06, 2018   90.36   90.71   89.70   90.11   86.41   791700
Jul 05, 2018   90.32   90.88   89.76   90.33   86.62   616700
Jul 03, 2018   92.92   92.92   89.99   90.14   86.44   505300
Jul 02, 2018   91.29   92.47   90.80   91.67   87.90   573500
Jun 29, 2018   91.84   92.57   91.24   91.27   87.52   868700
Jun 28, 2018   91.09   91.85   90.66   91.55   87.79   831300
Jun 27, 2018   91.90   92.69   91.05   91.12   87.38   926900
Jun 26, 2018   91.71   92.29   91.24   91.65   87.88   840500
Jun 25, 2018   93.14   93.63   91.10   91.87   88.10   1222400
Jun 22, 2018   94.37   94.51   93.17   93.60   89.75   1424500
Jun 21, 2018   94.11   94.68   93.17   94.13   90.26   1055700
Jun 20, 2018   94.31   94.67   93.82   93.89   90.03   1059700
Jun 19, 2018   93.67   94.07   93.21   93.99   90.13   876400
Jun 18, 2018   94.40   94.86   94.12   94.21   90.34   749200
Jun 15, 2018   94.57   95.10   94.01   94.92   91.02   853900
Jun 14, 2018   95.39   95.79   94.65   94.77   90.88   493800
Jun 13, 2018   95.40   96.19   95.20   95.31   90.97   688200
Jun 12, 2018   95.37   95.60   94.74   95.32   90.98   646500
Jun 11, 2018   95.28   95.59   95.03   95.11   90.78   516800
Jun 08, 2018   95.26   95.39   92.77   95.13   90.80   904800
Jun 07, 2018   94.74   95.71   94.71   95.23   90.90   1272200
Jun 06, 2018   93.48   94.92   93.34   94.87   90.55   1166000
Jun 05, 2018   93.21   93.69   92.82   93.30   89.05   963500
Jun 04, 2018   92.50   93.41   92.33   93.11   88.87   1577200
Jun 01, 2018   92.64   93.02   91.85   92.09   87.90   1598600
May 31, 2018   93.29   93.98   91.65   91.86   87.68   1274800
May 30, 2018   92.87   94.33   92.77   93.44   89.19   1407500
May 29, 2018   92.23   92.88   91.61   92.20   88.00   902500
May 25, 2018   92.42   92.90   92.07   92.78   88.56   1082500
May 24, 2018   91.77   92.72   91.08   92.61   88.40   1393400
May 23, 2018   91.06   91.93   90.75   91.89   87.71   661600
May 22, 2018   91.22   91.94   90.50   91.51   87.35   979000
May 21, 2018   90.32   91.36   90.32   91.21   87.06   475600
May 18, 2018   90.40   90.61   90.02   90.07   85.97   994300
May 17, 2018   89.97   90.71   89.69   90.57   86.45   510000
May 16, 2018   89.95   90.71   89.38   90.24   86.13   763100
May 15, 2018   90.06   90.97   89.75   89.95   85.86   805700
May 14, 2018   90.80   91.21   90.04   90.40   86.29   801000
May 11, 2018   90.37   90.89   90.16   90.54   86.42   599100
May 10, 2018   90.11   90.96   89.79   90.37   86.26   722400
May 09, 2018   88.51   90.33   88.04   90.09   85.99   640100
May 08, 2018   88.72   89.11   88.24   88.36   84.34   916600
May 07, 2018   87.72   88.98   87.60   88.66   84.62   1025800
May 04, 2018   85.77   88.13   85.58   87.70   83.71   1015300
May 03, 2018   87.65   88.18   84.96   86.01   82.10   1750000
May 02, 2018   88.51   89.30   87.50   87.91   83.91   1345600
May 01, 2018   88.01   89.06   87.96   89.01   84.96   687700
Apr 30, 2018   88.90   89.76   88.32   88.32   84.30   860300
Apr 27, 2018   88.32   88.95   87.75   88.80   84.76   1017600
Apr 26, 2018   88.35   88.68   87.42   88.16   84.15   1368600
Apr 25, 2018   86.32   87.97   85.87   87.79   83.79   1097400
Apr 24, 2018   87.32   87.66   85.85   86.25   82.32   1758800
Apr 23, 2018   87.42   87.59   86.39   86.95   82.99   767600
Apr 20, 2018   87.00   87.66   86.75   87.42   83.44   1032800
Apr 19, 2018   85.94   87.23   85.73   86.94   82.98   670100
Apr 18, 2018   86.35   86.35   85.60   85.65   81.75   853300
Apr 17, 2018   86.48   86.84   85.77   85.90   81.99   1326500
Apr 16, 2018   86.50   86.98   85.81   85.98   82.07   773800
Apr 13, 2018   86.82   86.93   85.69   85.93   82.02   566400
Apr 12, 2018   85.56   87.03   85.56   86.62   82.68   828600
Apr 11, 2018   85.33   86.22   85.16   85.75   81.85   762700
Apr 10, 2018   86.14   86.41   85.03   85.95   82.04   795000
Apr 09, 2018   85.46   86.66   84.96   85.29   81.41   599400
Apr 06, 2018   85.90   86.19   84.49   85.20   81.32   936000
Apr 05, 2018   86.50   86.94   86.01   86.31   82.38   1058100
Apr 04, 2018   85.41   86.40   85.14   86.22   82.30   1274200
Apr 03, 2018   85.58   86.71   85.10   86.65   82.71   1639100
Apr 02, 2018   86.22   86.41   84.46   85.53   81.64   1627600
Mar 29, 2018   84.37   86.61   84.02   86.22   82.30   1436000
Mar 28, 2018   81.94   84.73   81.94   83.49   79.69   1489300
Mar 27, 2018   83.71   84.46   81.39   81.92   78.19   1379800
Mar 26, 2018   81.94   83.71   81.77   83.50   79.70   850100
Mar 23, 2018   82.21   82.65   80.62   80.72   77.05   720300
Mar 22, 2018   83.61   84.13   81.92   82.02   78.29   684700
Mar 21, 2018   84.12   84.89   83.99   84.21   80.38   544500
Mar 20, 2018   84.01   84.74   83.73   84.15   80.32   908800
Mar 19, 2018   83.92   84.20   82.86   83.62   79.81   490900
Mar 16, 2018   84.19   84.49   83.56   83.97   80.15   1210400
Mar 15, 2018   84.36   84.36   83.54   84.08   80.25   658100
Mar 14, 2018   85.60   85.64   84.10   84.37   80.17   548600
Mar 13, 2018   86.47   86.47   85.02   85.25   81.00   478800
Mar 12, 2018   86.72   87.00   85.18   85.89   81.61   829200
Mar 09, 2018   85.41   86.67   85.09   86.53   82.22   680500
Mar 08, 2018   84.22   85.01   83.64   84.86   80.63   629000
Mar 07, 2018   83.05   84.11   83.03   83.95   79.77   555000
Mar 06, 2018   82.57   84.47   82.04   83.91   79.73   1232700
Mar 05, 2018   80.19   81.94   79.99   81.77   77.70   541300
Mar 02, 2018   79.28   80.78   79.05   80.59   76.58   461200
Mar 01, 2018   81.00   81.00   79.22   79.60   75.64   660200
Feb 28, 2018   82.13   82.71   80.74   80.75   76.73   706400
Feb 27, 2018   81.74   82.54   81.23   81.69   77.62   1047300
Feb 26, 2018   81.08   81.72   80.66   81.66   77.59   1130000
Feb 23, 2018   78.66   80.50   78.52   80.48   76.47   1438800
Feb 22, 2018   79.32   79.66   77.96   78.20   74.30   490600
Feb 21, 2018   79.06   80.66   78.84   79.12   75.18   895500
Feb 20, 2018   78.85   80.44   78.55   78.80   74.87   1158800
Feb 16, 2018   79.92   80.30   78.86   79.02   75.08   1073300
Feb 15, 2018   80.44   80.68   78.60   80.38   76.38   876800
Feb 14, 2018   78.20   79.86   77.90   79.76   75.79   1245900
Feb 13, 2018   77.38   78.66   77.06   78.50   74.59   855200
Feb 12, 2018   77.05   78.14   77.04   77.56   73.70   1139400
Feb 09, 2018   75.22   76.66   73.83   76.11   72.32   1677700
Feb 08, 2018   77.17   77.93   74.80   75.21   71.46   1653500
Feb 07, 2018   77.52   78.65   77.24   77.27   73.42   1454100
Feb 06, 2018   74.91   78.01   72.98   77.72   73.85   2973800
Feb 05, 2018   79.59   80.98   77.20   77.47   73.61   2095700
Feb 02, 2018   81.04   81.80   80.28   80.34   76.34   1496000
Feb 01, 2018   80.31   82.16   80.15   81.37   77.32   1277900
Jan 31, 2018   82.05   83.29   80.53   80.91   76.88   1800700
Jan 30, 2018   81.49   82.22   81.37   81.85   77.77   1486000
Jan 29, 2018   81.36   82.34   81.26   81.65   77.58   1568100
Jan 26, 2018   81.40   81.40   80.77   81.36   77.31   502900
Jan 25, 2018   81.28   81.85   80.85   81.18   77.14   730800
Jan 24, 2018   80.52   81.32   79.93   81.17   77.13   799300
Jan 23, 2018   80.69   80.85   79.79   80.21   76.21   477100
Jan 22, 2018   80.40   80.66   80.11   80.63   76.61   812800
Jan 19, 2018   79.96   80.34   79.83   80.07   76.08   675600
Jan 18, 2018   80.20   80.24   78.90   79.83   75.85   1722800
Jan 17, 2018   80.83   80.83   80.32   80.46   76.45   681100
Jan 16, 2018   81.88   82.15   80.23   80.42   76.41   718800
Jan 12, 2018   80.71   81.55   80.26   81.43   77.37   923400
Jan 11, 2018   81.30   81.30   79.96   80.46   76.45   726600
Jan 10, 2018   80.40   81.38   80.14   81.23   77.18   929500
Jan 09, 2018   80.15   80.75   80.09   80.17   76.18   603900
Jan 08, 2018   79.26   80.53   79.20   79.96   75.98   848200
Jan 05, 2018   79.01   79.55   78.70   79.21   75.26   933500
Jan 04, 2018   77.64   78.96   77.54   78.69   74.77   980900
Jan 03, 2018   76.64   77.87   76.58   77.66   73.79   1013700
Jan 02, 2018   77.15   77.32   76.47   76.74   72.92   1129000
Dec 29, 2017   76.80   77.17   76.60   76.83   73.00   923300
Dec 28, 2017   76.35   76.74   76.30   76.67   72.85   469800
Dec 27, 2017   76.18   76.83   76.03   76.34   72.54   662800
Dec 26, 2017   76.25   76.25   75.84   76.13   72.34   520700
Dec 22, 2017   75.61   76.13   75.35   76.09   72.30   796500
Dec 21, 2017   75.29   75.71   75.13   75.40   71.64   799500
Dec 20, 2017   76.38   76.72   74.95   75.05   71.31   861900
Dec 19, 2017   77.07   77.32   76.01   76.11   72.32   1047700
Dec 18, 2017   77.85   77.90   76.85   76.97   73.14   772100
Dec 15, 2017   77.94   78.11   77.32   77.51   73.65   1337500
Dec 14, 2017   78.10   78.49   77.36   77.47   73.61   567200
Dec 13, 2017   79.26   79.50   78.13   78.21   73.95   695400
Dec 12, 2017   79.21   79.63   78.84   79.27   74.96   703400
Dec 11, 2017   79.20   80.14   78.99   79.22   74.91   907700
Dec 08, 2017   77.94   78.81   77.48   78.78   74.49   667500
Dec 07, 2017   78.38   78.54   76.76   77.79   73.56   1103900
Dec 06, 2017   78.74   79.17   78.13   78.32   74.06   686000
Dec 05, 2017   78.90   79.14   78.21   78.51   74.24   842000
Dec 04, 2017   80.00   80.00   78.69   78.93   74.63   1146600
Dec 01, 2017   79.46   79.72   78.75   79.26   74.95   752200
Nov 30, 2017   78.98   79.85   78.70   79.16   74.85   1094800
Nov 29, 2017   78.55   79.68   78.31   78.56   74.28   1347500
Nov 28, 2017   77.45   78.42   77.08   78.34   74.08   980300
Nov 27, 2017   77.48   77.74   77.08   77.23   73.03   405600
Nov 24, 2017   77.30   77.43   77.08   77.25   73.05   236600
Nov 22, 2017   77.37   77.37   76.97   77.17   72.97   746600
Nov 21, 2017   77.13   77.36   76.93   77.24   73.04   769000
Nov 20, 2017   75.95   77.15   75.95   76.89   72.71   1048000
Nov 17, 2017   76.00   76.18   75.76   75.95   71.82   1043800
Nov 16, 2017   76.00   76.24   75.79   75.97   71.84   901300
Nov 15, 2017   75.93   76.44   75.65   75.93   71.80   1292300
Nov 14, 2017   75.31   76.01   75.03   75.97   71.84   1073100
Nov 13, 2017   73.64   75.89   73.32   75.41   71.31   1349600
Nov 10, 2017   73.45   73.76   72.95   73.57   69.57   1196000
Nov 09, 2017   72.56   73.79   72.15   73.73   69.72   1001400
Nov 08, 2017   72.12   72.91   71.95   72.74   68.78   633600
Nov 07, 2017   71.80   72.77   71.65   72.02   68.10   1211200
Nov 06, 2017   72.22   72.46   71.83   71.97   68.05   627300
Nov 03, 2017   73.09   73.14   72.33   72.40   68.46   686500
Nov 02, 2017   72.34   73.43   72.07   73.17   69.19   1063900
Nov 01, 2017   73.02   73.02   72.36   72.41   68.47   725100
Oct 31, 2017   72.40   72.84   71.95   72.65   68.70   1027600
Oct 30, 2017   72.29   73.13   72.06   72.40   68.46   1894900
Oct 27, 2017   72.66   72.66   71.77   72.34   68.40   1321500
Oct 26, 2017   72.61   72.87   72.01   72.29   68.36   1463800
Oct 25, 2017   72.71   73.62   72.35   72.44   68.50   1951100
Oct 24, 2017   73.75   73.94   73.24   73.45   69.45   1325500
Oct 23, 2017   72.88   73.58   72.63   73.49   69.49   1300500
Oct 20, 2017   73.02   73.47   72.20   72.92   68.95   1934100
Oct 19, 2017   73.93   74.04   72.41   72.94   68.97   1995200
Oct 18, 2017   74.68   74.92   74.19   74.60   70.54   1691900
Oct 17, 2017   74.19   74.91   73.98   74.71   70.64   981600
Oct 16, 2017   74.34   74.50   73.75   74.11   70.08   912400
Oct 13, 2017   74.80   74.95   74.10   74.34   70.29   1148700
Oct 12, 2017   75.71   75.75   74.72   74.91   70.83   1308300
Oct 11, 2017   74.66   75.69   74.38   75.63   71.51   1368500
Oct 10, 2017   74.34   74.79   73.64   74.56   70.50   1245300
Oct 09, 2017   73.50   75.30   73.43   74.50   70.45   2026200
Oct 06, 2017   77.73   77.85   73.71   73.90   69.88   2600800
Oct 05, 2017   77.73   78.07   77.42   77.65   73.42   708200
Oct 04, 2017   77.54   77.65   77.11   77.57   73.35   678600
Oct 03, 2017   77.62   78.00   77.15   77.75   73.52   856900
Oct 02, 2017   77.67   77.82   77.15   77.79   73.56   693100
