Date           Open    High    Low     Close   AdjCl   Volume
Oct 01, 2020   13.25   13.30   13.20   13.24   13.24   143000
Sep 30, 2020   12.72   13.28   12.69   13.11   13.11   1181900
Sep 29, 2020   12.72   12.74   12.65   12.72   12.72   161400
Sep 28, 2020   12.69   12.85   12.59   12.77   12.77   309600
Sep 25, 2020   12.76   12.81   12.70   12.75   12.75   168100
Sep 24, 2020   12.75   12.79   12.69   12.72   12.72   462300
Sep 23, 2020   12.86   12.89   12.81   12.87   12.87   991500
Sep 22, 2020   12.92   13.02   12.87   12.89   12.89   239200
Sep 21, 2020   13.13   13.13   12.88   12.95   12.95   560600
Sep 18, 2020   13.09   13.19   13.04   13.19   13.19   499500
Sep 17, 2020   12.88   13.09   12.88   13.03   13.03   516300
Sep 16, 2020   12.85   12.98   12.85   12.95   12.95   146600
Sep 15, 2020   12.91   12.91   12.80   12.87   12.87   408700
Sep 14, 2020   12.97   12.97   12.88   12.95   12.95   416700
Sep 11, 2020   12.91   12.99   12.79   12.99   12.99   466500
Sep 10, 2020   12.75   12.87   12.74   12.84   12.84   236300
Sep 09, 2020   12.73   12.74   12.66   12.72   12.72   167500
Sep 08, 2020   12.63   12.77   12.60   12.76   12.76   362000
Sep 04, 2020   12.66   12.66   12.55   12.66   12.66   223900
Sep 03, 2020   12.61   12.66   12.51   12.54   12.54   305700
Sep 02, 2020   12.64   12.66   12.52   12.66   12.66   135200
Sep 01, 2020   12.52   12.65   12.52   12.63   12.63   282100
Aug 31, 2020   12.74   12.76   12.55   12.62   12.62   621600
Aug 28, 2020   12.67   12.71   12.56   12.70   12.70   355900
Aug 27, 2020   12.65   12.68   12.60   12.67   12.67   306800
Aug 26, 2020   12.56   12.58   12.48   12.58   12.58   445800
Aug 25, 2020   12.47   12.59   12.43   12.58   12.58   629400
Aug 24, 2020   12.20   12.29   12.20   12.29   12.29   407800
Aug 21, 2020   12.13   12.19   12.12   12.15   12.15   390900
Aug 20, 2020   12.13   12.15   12.02   12.15   12.15   189600
Aug 19, 2020   12.18   12.22   12.12   12.15   12.15   257700
Aug 18, 2020   12.30   12.32   12.18   12.23   12.23   642100
Aug 17, 2020   12.21   12.32   12.20   12.32   12.32   730500
Aug 14, 2020   12.06   12.13   12.05   12.09   12.09   454600
Aug 13, 2020   11.88   12.14   11.88   12.11   12.11   861800
Aug 12, 2020   11.64   11.75   11.54   11.72   11.72   633800
Aug 11, 2020   11.66   11.74   11.58   11.67   11.67   910300
Aug 10, 2020   11.60   11.66   11.55   11.66   11.66   442800
Aug 07, 2020   11.66   11.66   11.53   11.59   11.59   197200
Aug 06, 2020   11.70   11.70   11.58   11.64   11.64   211900
Aug 05, 2020   11.60   11.66   11.54   11.64   11.64   202100
Aug 04, 2020   11.68   11.69   11.52   11.54   11.54   403100
Aug 03, 2020   11.74   11.79   11.69   11.77   11.77   264700
Jul 31, 2020   11.79   11.79   11.68   11.72   11.72   170100
Jul 30, 2020   11.70   11.82   11.70   11.73   11.73   165700
Jul 29, 2020   11.76   11.79   11.69   11.70   11.70   357200
Jul 28, 2020   11.79   11.82   11.75   11.77   11.77   398900
Jul 27, 2020   11.96   12.00   11.87   11.92   11.92   868400
Jul 24, 2020   11.96   12.03   11.92   11.98   11.98   101300
Jul 23, 2020   11.94   12.00   11.87   11.99   11.99   114200
Jul 22, 2020   11.89   11.97   11.84   11.95   11.95   101100
Jul 21, 2020   11.90   11.95   11.80   11.83   11.83   293900
Jul 20, 2020   12.05   12.05   11.88   11.98   11.98   166900
Jul 17, 2020   12.06   12.10   12.05   12.09   12.09   200800
Jul 16, 2020   11.93   12.09   11.93   12.01   12.01   469400
Jul 15, 2020   11.92   11.99   11.82   11.91   11.91   1117700
Jul 14, 2020   12.06   12.07   11.91   11.94   11.94   271600
Jul 13, 2020   12.11   12.11   11.96   11.97   11.97   2168900
Jul 10, 2020   12.64   12.65   12.20   12.27   12.27   617600
Jul 09, 2020   12.74   12.78   12.62   12.66   12.66   143600
Jul 08, 2020   12.39   12.55   12.37   12.53   12.53   87500
Jul 07, 2020   12.43   12.54   12.41   12.47   12.47   142900
Jul 06, 2020   12.62   12.65   12.51   12.58   12.58   184200
Jul 02, 2020   12.59   12.65   12.44   12.48   12.48   223500
Jul 01, 2020   12.62   12.75   12.56   12.67   12.67   424800
Jun 30, 2020   12.07   12.46   11.93   12.40   12.40   1150000
Jun 29, 2020   11.80   11.98   11.76   11.96   11.96   1012100
Jun 26, 2020   11.82   11.86   11.61   11.67   11.67   321700
Jun 25, 2020   11.85   11.87   11.66   11.79   11.79   771600
Jun 24, 2020   12.10   12.15   11.94   11.97   11.97   318300
Jun 23, 2020   12.15   12.15   12.05   12.06   12.06   670600
Jun 22, 2020   12.28   12.28   12.20   12.22   12.22   1738300
Jun 19, 2020   12.36   12.40   12.28   12.36   12.36   440100
Jun 18, 2020   12.28   12.32   12.20   12.27   12.27   37100
Jun 17, 2020   12.21   12.29   12.14   12.26   12.26   24400
Jun 16, 2020   12.30   12.40   12.20   12.21   12.21   60600
Jun 15, 2020   12.21   12.23   12.12   12.23   12.23   65900
Jun 12, 2020   12.31   12.39   12.25   12.29   12.29   89700
Jun 11, 2020   12.19   12.34   12.16   12.32   12.32   78600
Jun 10, 2020   12.27   12.29   12.18   12.24   12.24   51400
Jun 09, 2020   12.37   12.37   12.25   12.31   12.31   73300
Jun 08, 2020   12.44   12.45   12.33   12.42   12.42   129900
Jun 05, 2020   12.30   12.40   12.22   12.37   12.37   91100
Jun 04, 2020   12.15   12.28   12.12   12.28   12.28   120600
Jun 03, 2020   12.09   12.13   12.02   12.06   12.06   37200
Jun 02, 2020   12.04   12.09   12.01   12.08   12.08   25100
Jun 01, 2020   11.96   12.11   11.96   12.04   12.04   63300
May 29, 2020   12.20   12.20   12.06   12.18   12.18   94200
May 28, 2020   11.98   12.25   11.92   12.21   12.21   119900
May 27, 2020   12.02   12.05   11.96   12.00   12.00   82000
May 26, 2020   11.94   12.07   11.94   12.01   12.01   81000
May 22, 2020   11.86   11.97   11.85   11.89   11.89   25200
May 21, 2020   11.95   11.99   11.88   11.91   11.91   41600
May 20, 2020   11.99   12.04   11.87   11.98   11.98   43400
May 19, 2020   12.00   12.05   11.97   11.97   11.97   54200
May 18, 2020   12.00   12.00   11.89   11.91   11.91   25900
May 15, 2020   11.85   11.97   11.85   11.93   11.93   31900
May 14, 2020   11.83   11.92   11.83   11.86   11.86   60200
May 13, 2020   12.00   12.00   11.88   11.91   11.91   36500
May 12, 2020   11.91   12.11   11.81   12.02   12.02   80600
May 11, 2020   12.06   12.14   11.91   11.96   11.96   77200
May 08, 2020   11.95   12.11   11.95   12.06   12.06   56400
May 07, 2020   11.91   12.05   11.87   11.98   11.98   75200
May 06, 2020   11.92   11.96   11.80   11.81   11.81   15100
May 05, 2020   11.90   11.94   11.80   11.93   11.93   44600
May 04, 2020   11.95   11.95   11.52   11.90   11.90   41300
May 01, 2020   12.00   12.09   11.91   11.96   11.96   52300
Apr 30, 2020   11.68   12.10   11.66   12.02   12.02   64700
Apr 29, 2020   11.72   11.91   11.68   11.90   11.90   163700
Apr 28, 2020   11.70   11.89   11.70   11.72   11.72   38900
Apr 27, 2020   11.87   11.89   11.74   11.75   11.75   96700
Apr 24, 2020   12.15   12.15   11.97   12.06   12.06   52700
Apr 23, 2020   12.26   12.40   12.07   12.15   12.15   55700
Apr 22, 2020   11.85   12.17   11.85   12.07   12.07   75300
Apr 21, 2020   12.00   12.00   11.56   11.85   11.85   258000
Apr 20, 2020   12.29   12.34   12.01   12.02   12.02   94700
Apr 17, 2020   12.21   12.42   12.21   12.41   12.41   86600
Apr 16, 2020   12.34   12.34   12.10   12.17   12.17   123200
Apr 15, 2020   12.53   12.58   12.25   12.25   12.25   64100
Apr 14, 2020   12.70   12.70   12.40   12.42   12.42   67800
Apr 13, 2020   12.66   12.76   12.48   12.71   12.71   86600
Apr 09, 2020   12.61   12.74   12.60   12.66   12.66   64900
Apr 08, 2020   12.70   12.73   12.62   12.66   12.66   52000
Apr 07, 2020   12.60   12.89   12.60   12.73   12.73   97400
Apr 06, 2020   12.72   12.72   12.50   12.55   12.55   101300
Apr 03, 2020   12.75   12.76   12.59   12.71   12.71   173700
Apr 02, 2020   12.76   12.80   12.57   12.69   12.69   38300
Apr 01, 2020   12.86   12.86   12.59   12.64   12.64   72800
Mar 31, 2020   13.12   13.12   12.76   12.96   12.96   63600
Mar 30, 2020   13.17   13.17   12.97   13.01   13.01   41200
Mar 27, 2020   13.22   13.27   13.07   13.16   13.16   61600
Mar 26, 2020   13.11   13.30   13.10   13.30   13.30   40000
Mar 25, 2020   13.08   13.31   13.00   13.25   13.25   50900
Mar 24, 2020   13.15   13.25   12.95   13.15   13.15   48300
Mar 23, 2020   13.10   13.13   12.76   13.13   13.13   44000
Mar 20, 2020   13.31   13.32   13.00   13.00   13.00   62200
Mar 19, 2020   12.99   13.43   12.98   13.15   13.15   133500
Mar 18, 2020   12.89   13.04   12.55   12.99   12.99   144400
Mar 17, 2020   13.31   13.37   13.01   13.03   13.03   75400
Mar 16, 2020   13.49   13.49   13.09   13.33   13.33   62800
Mar 13, 2020   13.72   13.82   13.60   13.76   13.76   88200
Mar 12, 2020   13.66   13.77   13.23   13.54   13.54   85100
Mar 11, 2020   13.91   13.98   13.80   13.85   13.85   50300
Mar 10, 2020   13.94   14.06   13.94   14.00   14.00   112800
Mar 09, 2020   13.77   13.88   13.65   13.85   13.85   94000
Mar 06, 2020   14.10   14.18   13.99   14.02   14.02   23200
Mar 05, 2020   14.15   14.19   14.11   14.16   14.16   22300
Mar 04, 2020   14.14   14.30   14.13   14.26   14.26   19900
Mar 03, 2020   14.10   14.27   14.10   14.15   14.15   45800
Mar 02, 2020   13.79   14.01   13.79   14.01   14.01   36400
Feb 28, 2020   13.75   13.81   13.70   13.76   13.76   68100
Feb 27, 2020   13.91   13.91   13.75   13.76   13.76   66100
Feb 26, 2020   14.03   14.12   13.97   14.00   14.00   36800
Feb 25, 2020   14.06   14.08   14.01   14.04   14.04   42800
Feb 24, 2020   14.06   14.08   13.95   14.05   14.05   87500
Feb 21, 2020   14.29   14.33   14.19   14.20   14.20   72100
Feb 20, 2020   14.32   14.35   14.27   14.30   14.30   130500
Feb 19, 2020   14.44   14.44   14.32   14.38   14.38   91600
Feb 18, 2020   14.33   14.45   14.33   14.45   14.45   97900
Feb 14, 2020   14.34   14.41   14.26   14.26   14.26   48200
Feb 13, 2020   14.38   14.39   14.35   14.36   14.36   28500
Feb 12, 2020   14.38   14.46   14.31   14.43   14.43   35200
Feb 11, 2020   14.38   14.42   14.32   14.35   14.35   23700
Feb 10, 2020   14.39   14.45   14.36   14.42   14.42   23800
Feb 07, 2020   14.39   14.51   14.37   14.47   14.47   24900
Feb 06, 2020   14.42   14.42   14.29   14.35   14.35   27400
Feb 05, 2020   14.50   14.50   14.40   14.43   14.43   12500
Feb 04, 2020   14.46   14.51   14.45   14.46   14.46   20000
Feb 03, 2020   14.34   14.38   14.16   14.35   14.35   26200
Jan 31, 2020   14.36   14.46   14.35   14.42   14.42   45600
Jan 30, 2020   14.43   14.47   14.36   14.39   14.39   26600
Jan 29, 2020   14.58   14.62   14.54   14.57   14.57   80600
Jan 28, 2020   14.50   14.65   14.49   14.59   14.59   32500
Jan 27, 2020   14.48   14.52   14.41   14.49   14.49   45500
Jan 24, 2020   14.78   14.80   14.65   14.65   14.65   30400
Jan 23, 2020   14.71   14.88   14.71   14.87   14.87   58200
Jan 22, 2020   14.79   14.85   14.72   14.77   14.77   31000
Jan 21, 2020   14.76   14.78   14.67   14.77   14.77   49500
Jan 17, 2020   14.44   14.83   14.44   14.82   14.82   74900
Jan 16, 2020   14.64   14.65   14.40   14.44   14.44   104400
Jan 15, 2020   14.89   14.90   14.77   14.80   14.80   56100
Jan 14, 2020   14.87   14.90   14.83   14.86   14.86   113900
Jan 13, 2020   14.79   14.88   14.79   14.85   14.85   47900
Jan 10, 2020   14.64   14.79   14.45   14.78   14.78   102100
Jan 09, 2020   14.72   14.75   14.62   14.67   14.67   37700
Jan 08, 2020   14.62   14.71   14.61   14.71   14.71   30100
Jan 07, 2020   14.65   14.68   14.64   14.67   14.67   27500
Jan 06, 2020   14.72   14.74   14.62   14.68   14.68   57500
Jan 03, 2020   14.84   14.85   14.70   14.73   14.73   54400
Jan 02, 2020   14.80   14.93   14.80   14.90   14.90   61600
Dec 31, 2019   14.87   14.87   14.76   14.80   14.80   77500
Dec 30, 2019   14.85   14.92   14.77   14.82   14.82   116700
Dec 27, 2019   14.85   14.90   14.82   14.88   14.88   50500
Dec 26, 2019   14.80   14.84   14.78   14.84   14.84   28400
Dec 24, 2019   14.83   14.83   14.78   14.81   14.81   14700
Dec 23, 2019   14.78   14.86   14.78   14.82   14.82   45800
Dec 20, 2019   14.76   14.83   14.75   14.82   14.82   67900
Dec 19, 2019   14.75   14.81   14.72   14.75   14.75   22600
Dec 18, 2019   14.80   14.84   14.74   14.75   14.75   41400
Dec 17, 2019   14.76   14.86   14.76   14.85   14.85   55800
Dec 16, 2019   14.71   14.84   14.70   14.78   14.78   113200
Dec 13, 2019   14.59   14.67   14.46   14.59   14.59   110100
Dec 12, 2019   14.30   14.56   14.30   14.46   14.46   126900
Dec 11, 2019   14.40   14.40   14.22   14.24   14.24   83000
Dec 10, 2019   14.33   14.45   14.33   14.38   14.38   45700
Dec 09, 2019   14.39   14.42   14.35   14.36   14.36   26900
Dec 06, 2019   14.43   14.44   14.34   14.39   14.39   59000
Dec 05, 2019   14.40   14.47   14.37   14.37   14.37   63200
Dec 04, 2019   14.55   14.60   14.43   14.45   14.45   38100
Dec 03, 2019   14.54   14.61   14.49   14.53   14.53   36100
Dec 02, 2019   14.47   14.60   14.47   14.55   14.55   45800
Nov 29, 2019   14.33   14.56   14.33   14.52   14.52   31600
Nov 27, 2019   14.46   14.47   14.30   14.33   14.33   79400
Nov 26, 2019   14.49   14.56   14.45   14.45   14.45   56700
Nov 25, 2019   14.53   14.61   14.50   14.55   14.55   37000
Nov 22, 2019   14.46   14.52   14.45   14.45   14.45   63500
Nov 21, 2019   14.52   14.53   14.48   14.50   14.50   36000
Nov 20, 2019   14.54   14.54   14.44   14.45   14.45   27400
Nov 19, 2019   14.45   14.62   14.45   14.59   14.59   30300
Nov 18, 2019   14.55   14.55   14.44   14.44   14.44   52300
Nov 15, 2019   14.71   14.71   14.54   14.57   14.57   110700
Nov 14, 2019   14.70   14.75   14.69   14.71   14.71   36600
Nov 13, 2019   14.73   14.75   14.66   14.66   14.66   54100
Nov 12, 2019   14.65   14.78   14.65   14.77   14.77   26700
Nov 11, 2019   14.75   14.76   14.61   14.66   14.66   34200
Nov 08, 2019   14.67   14.92   14.62   14.75   14.75   59800
Nov 07, 2019   14.84   14.84   14.66   14.68   14.68   65700
Nov 06, 2019   14.98   14.98   14.80   14.84   14.84   48000
Nov 05, 2019   14.97   15.00   14.92   14.95   14.95   66300
Nov 04, 2019   15.05   15.08   14.99   14.99   14.99   68100
Nov 01, 2019   15.09   15.21   15.04   15.10   15.10   42800
Oct 31, 2019   15.10   15.16   15.03   15.15   15.15   80000
Oct 30, 2019   15.08   15.19   15.08   15.16   15.16   52800
Oct 29, 2019   15.03   15.14   14.98   15.07   15.07   31200
Oct 28, 2019   15.11   15.14   15.03   15.03   15.03   119300
Oct 25, 2019   15.17   15.25   15.12   15.18   15.18   26100
Oct 24, 2019   15.12   15.27   15.12   15.17   15.17   39400
Oct 23, 2019   15.22   15.25   15.15   15.25   15.25   42800
Oct 22, 2019   15.35   15.35   15.18   15.24   15.24   33600
Oct 21, 2019   15.31   15.35   15.21   15.21   15.21   26500
Oct 18, 2019   15.32   15.37   15.29   15.30   15.30   35400
Oct 17, 2019   15.35   15.45   15.35   15.39   15.39   36300
Oct 16, 2019   15.32   15.33   15.21   15.30   15.30   31800
Oct 15, 2019   15.35   15.39   15.30   15.31   15.31   32100
Oct 14, 2019   15.40   15.45   15.35   15.38   15.38   51200
Oct 11, 2019   15.11   15.45   15.11   15.43   15.43   121900
Oct 10, 2019   15.37   15.37   14.94   14.96   14.96   212400
Oct 09, 2019   15.45   15.45   15.32   15.35   15.35   206800
Oct 08, 2019   15.13   15.41   15.12   15.38   15.38   101500
Oct 07, 2019   15.30   15.30   15.10   15.15   15.15   34500
Oct 04, 2019   15.21   15.21   15.07   15.10   15.10   31000
Oct 03, 2019   15.10   15.21   15.10   15.17   15.17   51400
Oct 02, 2019   15.27   15.29   15.11   15.14   15.14   56400
Oct 01, 2019   15.18   15.34   15.15   15.30   15.30   129300
Sep 30, 2019   14.76   15.21   14.76   15.18   15.18   152700
Sep 27, 2019   14.78   14.82   14.75   14.79   14.79   52300
Sep 26, 2019   14.83   14.83   14.71   14.79   14.79   42700
Sep 25, 2019   14.89   14.89   14.77   14.83   14.83   23300
Sep 24, 2019   14.72   14.90   14.72   14.86   14.86   67900
Sep 23, 2019   14.79   14.85   14.76   14.76   14.76   44600
Sep 20, 2019   14.79   14.87   14.72   14.73   14.73   40500
Sep 19, 2019   14.79   14.86   14.76   14.81   14.81   55300
Sep 18, 2019   14.67   14.83   14.67   14.79   14.79   30400
Sep 17, 2019   14.85   14.86   14.68   14.71   14.71   97200
Sep 16, 2019   14.86   15.00   14.82   14.99   14.99   106600
Sep 13, 2019   14.81   14.89   14.72   14.79   14.79   132500
Sep 12, 2019   14.55   14.78   14.30   14.77   14.77   306600
Sep 11, 2019   14.61   14.61   14.41   14.51   14.51   126000
Sep 10, 2019   14.40   14.61   14.40   14.61   14.61   75600
Sep 09, 2019   14.33   14.39   14.25   14.30   14.30   76100
Sep 06, 2019   14.46   14.46   14.28   14.32   14.32   94400
Sep 05, 2019   14.56   14.58   14.47   14.47   14.47   44600
Sep 04, 2019   14.51   14.53   14.38   14.43   14.43   136500
Sep 03, 2019   14.85   14.85   14.50   14.51   14.51   99100
Aug 30, 2019   14.90   14.92   14.75   14.75   14.75   60000
Aug 29, 2019   14.83   14.96   14.78   14.80   14.80   66400
Aug 28, 2019   14.65   14.84   14.60   14.80   14.80   66600
Aug 27, 2019   14.77   14.78   14.64   14.64   14.64   46600
Aug 26, 2019   14.91   14.91   14.70   14.75   14.75   49400
Aug 23, 2019   14.72   14.77   14.66   14.70   14.70   91700
Aug 22, 2019   14.89   14.94   14.77   14.81   14.81   60000
Aug 21, 2019   14.79   14.87   14.71   14.83   14.83   80600
Aug 20, 2019   15.10   15.10   14.76   14.80   14.80   105500
Aug 19, 2019   14.95   15.01   14.88   14.92   14.92   94100
Aug 16, 2019   14.81   15.11   14.81   15.10   15.10   115300
Aug 15, 2019   14.85   14.93   14.78   14.82   14.82   125900
Aug 14, 2019   15.10   15.13   14.80   14.82   14.82   198700
Aug 13, 2019   15.06   15.32   15.00   15.02   15.02   306300
Aug 12, 2019   16.01   16.01   15.14   15.25   15.25   463300
Aug 09, 2019   16.22   16.30   16.06   16.14   16.14   113100
Aug 08, 2019   16.05   16.16   16.04   16.14   16.14   151300
Aug 07, 2019   15.91   16.04   15.82   16.04   16.04   55800
Aug 06, 2019   16.01   16.01   15.88   15.91   15.91   40100
Aug 05, 2019   15.66   16.08   15.62   16.06   16.06   158100
Aug 02, 2019   15.74   15.90   15.74   15.88   15.88   70700
Aug 01, 2019   15.89   15.91   15.54   15.67   15.67   156500
Jul 31, 2019   16.13   16.13   15.85   15.86   15.86   216800
Jul 30, 2019   16.27   16.30   16.17   16.17   16.17   97000
Jul 29, 2019   16.40   16.43   16.35   16.38   16.38   63800
Jul 26, 2019   16.36   16.39   16.28   16.30   16.30   67600
Jul 25, 2019   16.52   16.52   16.38   16.40   16.40   29300
Jul 24, 2019   16.57   16.59   16.41   16.44   16.44   38200
Jul 23, 2019   16.38   16.52   16.28   16.48   16.48   146400
Jul 22, 2019   16.40   16.51   16.33   16.35   16.35   110900
Jul 19, 2019   16.46   16.66   16.46   16.64   16.64   105900
Jul 18, 2019   16.54   16.59   16.38   16.45   16.45   185100
Jul 17, 2019   16.83   16.90   16.70   16.72   16.72   83700
Jul 16, 2019   16.69   16.76   16.56   16.71   16.71   111500
Jul 15, 2019   17.20   17.20   16.87   16.87   16.87   142100
Jul 12, 2019   16.99   17.25   16.99   17.25   17.25   178100
Jul 11, 2019   16.60   16.93   16.40   16.90   16.90   126600
Jul 10, 2019   16.52   16.71   16.46   16.64   16.64   91100
Jul 09, 2019   16.57   16.60   16.47   16.55   16.55   56100
Jul 08, 2019   16.87   16.88   16.63   16.75   16.75   76200
Jul 05, 2019   16.76   16.83   16.58   16.77   16.77   138100
Jul 03, 2019   16.42   16.78   16.42   16.76   16.76   114800
Jul 02, 2019   16.11   16.32   16.11   16.32   16.32   122400
Jul 01, 2019   16.37   16.37   16.09   16.10   16.10   229400
Jun 28, 2019   16.95   17.40   16.15   16.44   16.44   493000
Jun 27, 2019   17.08   17.08   16.90   16.90   16.90   103000
Jun 26, 2019   17.06   17.11   16.97   17.00   17.00   140800
Jun 25, 2019   17.19   17.29   17.07   17.10   17.10   193400
Jun 24, 2019   17.08   17.14   17.03   17.12   17.12   204900
Jun 21, 2019   17.10   17.15   16.98   17.02   17.02   182200
Jun 20, 2019   16.98   17.18   16.93   17.17   17.17   143300
Jun 19, 2019   17.15   17.18   16.86   16.94   16.94   214300
Jun 18, 2019   17.24   17.40   17.15   17.21   17.21   249600
Jun 17, 2019   17.55   17.55   17.27   17.41   17.41   436300
Jun 14, 2019   17.12   17.32   17.11   17.25   17.25   323400
Jun 13, 2019   17.03   17.07   16.92   17.06   17.06   255700
Jun 12, 2019   16.85   16.96   16.77   16.80   16.80   241900
Jun 11, 2019   16.36   16.87   16.20   16.75   16.75   257300
Jun 10, 2019   16.28   16.49   16.21   16.47   16.47   193200
Jun 07, 2019   16.47   16.51   16.39   16.39   16.39   81500
Jun 06, 2019   16.20   16.61   16.13   16.56   16.56   122600
Jun 05, 2019   16.56   16.66   16.32   16.35   16.35   275400
Jun 04, 2019   16.80   16.92   16.61   16.75   16.75   280000
Jun 03, 2019   16.75   16.84   16.50   16.64   16.64   319500
May 31, 2019   16.71   16.92   16.69   16.71   16.71   310500
May 30, 2019   16.70   17.25   16.70   17.02   17.02   564500
May 29, 2019   16.99   17.00   16.42   16.58   16.58   743000
May 28, 2019   16.33   16.64   16.29   16.64   16.64   493100
May 24, 2019   15.95   16.13   15.94   16.13   16.13   189300
May 23, 2019   15.91   16.04   15.70   15.78   15.78   153800
May 22, 2019   15.79   15.94   15.79   15.91   15.91   124800
May 21, 2019   15.85   15.93   15.76   15.85   15.85   200400
May 20, 2019   15.65   15.70   15.59   15.63   15.63   139100
May 17, 2019   15.49   15.51   15.43   15.46   15.46   182900
May 16, 2019   15.34   15.45   15.31   15.44   15.44   95300
May 15, 2019   15.36   15.50   15.15   15.15   15.15   125800
May 14, 2019   15.09   15.24   15.09   15.19   15.19   82900
May 13, 2019   14.44   14.88   14.38   14.87   14.87   147800
May 10, 2019   14.66   14.78   14.45   14.67   14.67   121600
May 09, 2019   14.91   14.91   14.68   14.70   14.70   83300
May 08, 2019   15.27   15.27   15.03   15.06   15.06   22500
May 07, 2019   15.11   15.24   15.09   15.23   15.23   41800
May 06, 2019   14.88   15.14   14.87   15.10   15.10   82900
May 03, 2019   15.28   15.35   15.22   15.35   15.35   75400
May 02, 2019   15.29   15.37   15.22   15.33   15.33   68800
May 01, 2019   15.13   15.30   15.09   15.30   15.30   51100
Apr 30, 2019   15.04   15.10   14.93   15.07   15.07   37000
Apr 29, 2019   15.19   15.19   15.01   15.01   15.01   45600
Apr 26, 2019   14.97   15.08   14.97   15.04   15.04   32100
Apr 25, 2019   14.73   14.98   14.64   14.85   14.85   78600
Apr 24, 2019   14.97   14.97   14.77   14.77   14.77   54800
Apr 23, 2019   15.12   15.12   14.95   14.98   14.98   84200
Apr 22, 2019   15.19   15.21   15.07   15.07   15.07   56200
Apr 18, 2019   15.28   15.28   15.22   15.24   15.24   32000
Apr 17, 2019   15.26   15.32   15.21   15.27   15.27   31700
Apr 16, 2019   15.35   15.35   15.24   15.26   15.26   57700
Apr 15, 2019   15.44   15.48   15.39   15.44   15.44   40100
Apr 12, 2019   15.34   15.37   15.27   15.35   15.35   97300
Apr 11, 2019   15.40   15.42   15.28   15.35   15.35   25800
Apr 10, 2019   15.38   15.45   15.38   15.40   15.40   35900
Apr 09, 2019   15.30   15.41   15.15   15.37   15.37   108600
Apr 08, 2019   15.46   15.46   15.32   15.36   15.36   45500
Apr 05, 2019   15.49   15.49   15.38   15.40   15.40   42100
Apr 04, 2019   15.50   15.61   15.50   15.56   15.56   60600
Apr 03, 2019   15.51   15.54   15.40   15.49   15.49   55700
Apr 02, 2019   15.42   15.44   15.31   15.43   15.43   49600
Apr 01, 2019   15.33   15.45   15.33   15.43   15.43   216500
Mar 29, 2019   15.85   15.85   15.22   15.23   15.23   387400
Mar 28, 2019   15.86   15.89   15.81   15.84   15.84   80400
Mar 27, 2019   15.95   15.95   15.79   15.85   15.85   27400
Mar 26, 2019   16.03   16.05   15.90   15.96   15.96   45600
Mar 25, 2019   16.00   16.07   15.94   16.03   16.03   114200
Mar 22, 2019   16.02   16.05   15.90   15.99   15.99   98200
Mar 21, 2019   15.80   15.94   15.76   15.90   15.90   58100
Mar 20, 2019   15.75   15.75   15.65   15.74   15.74   17200
Mar 19, 2019   15.73   15.80   15.61   15.72   15.72   27400
Mar 18, 2019   15.77   15.83   15.68   15.75   15.75   24500
Mar 15, 2019   15.69   15.78   15.69   15.75   15.75   17600
Mar 14, 2019   15.63   15.75   15.60   15.67   15.67   23100
Mar 13, 2019   15.52   15.67   15.49   15.58   15.58   45200
Mar 12, 2019   15.40   15.59   15.40   15.56   15.56   28400
Mar 11, 2019   15.51   15.51   15.38   15.40   15.40   31900
Mar 08, 2019   15.55   15.55   15.35   15.47   15.47   53800
Mar 07, 2019   15.72   15.72   15.45   15.49   15.49   35100
Mar 06, 2019   15.89   15.89   15.71   15.76   15.76   10300
Mar 05, 2019   15.85   15.94   15.85   15.89   15.89   13800
Mar 04, 2019   15.91   15.95   15.83   15.87   15.87   39800
Mar 01, 2019   15.68   15.78   15.50   15.76   15.76   47200
Feb 28, 2019   15.74   15.77   15.65   15.65   15.65   35200
Feb 27, 2019   15.93   15.93   15.75   15.76   15.76   35300
Feb 26, 2019   15.99   15.99   15.85   15.85   15.85   81500
Feb 25, 2019   16.22   16.22   16.02   16.03   16.03   24300
Feb 22, 2019   16.22   16.24   16.17   16.20   16.20   35500
Feb 21, 2019   16.20   16.29   16.15   16.16   16.16   55400
Feb 20, 2019   15.96   16.04   15.91   16.01   16.01   23000
Feb 19, 2019   16.10   16.13   15.91   15.94   15.94   99100
Feb 15, 2019   16.14   16.18   16.06   16.11   16.11   96800
Feb 14, 2019   16.23   16.23   16.10   16.14   16.14   47000
Feb 13, 2019   16.24   16.28   16.17   16.28   16.28   44100
Feb 12, 2019   16.10   16.24   16.07   16.22   16.22   42500
Feb 11, 2019   16.06   16.07   15.99   16.07   16.07   35400
Feb 08, 2019   16.19   16.36   16.07   16.07   16.07   60900
Feb 07, 2019   16.29   16.29   16.15   16.17   16.17   37800
Feb 06, 2019   16.31   16.33   16.28   16.31   16.31   17600
Feb 05, 2019   16.27   16.35   16.21   16.33   16.33   33400
Feb 04, 2019   16.25   16.33   16.22   16.28   16.28   22900
Feb 01, 2019   16.31   16.36   16.24   16.24   16.24   48800
Jan 31, 2019   16.31   16.33   16.15   16.19   16.19   80800
Jan 30, 2019   16.30   16.38   16.30   16.35   16.35   21900
Jan 29, 2019   16.26   16.27   16.19   16.26   16.26   9300
Jan 28, 2019   16.31   16.33   16.25   16.30   16.30   71000
Jan 25, 2019   16.25   16.33   16.18   16.31   16.31   14000
Jan 24, 2019   16.27   16.28   16.19   16.24   16.24   9500
Jan 23, 2019   16.32   16.35   16.25   16.28   16.28   7400
Jan 22, 2019   16.36   16.36   16.21   16.25   16.25   40900
Jan 18, 2019   16.34   16.38   16.28   16.35   16.35   18900
Jan 17, 2019   16.15   16.36   16.11   16.29   16.29   28800
Jan 16, 2019   16.08   16.13   16.08   16.13   16.13   10500
Jan 15, 2019   16.30   16.30   16.01   16.05   16.05   35800
Jan 14, 2019   16.26   16.35   16.21   16.32   16.32   23100
Jan 11, 2019   16.25   16.29   16.22   16.27   16.27   9200
Jan 10, 2019   16.38   16.38   16.17   16.20   16.20   36600
Jan 09, 2019   16.35   16.44   16.35   16.40   16.40   29700
Jan 08, 2019   16.43   16.44   16.28   16.33   16.33   147100
Jan 07, 2019   16.42   16.42   16.35   16.40   16.40   41100
Jan 04, 2019   16.28   16.40   16.28   16.40   16.40   90600
Jan 03, 2019   16.14   16.28   16.14   16.25   16.25   135500
Jan 02, 2019   16.10   16.17   16.03   16.12   16.12   9700
Dec 31, 2018   16.09   16.15   16.01   16.05   16.05   49000
Dec 28, 2018   16.10   16.17   16.09   16.10   16.10   15500
Dec 27, 2018   15.90   16.12   15.90   16.07   16.07   61400
Dec 26, 2018   16.15   16.20   15.98   15.98   15.98   38900
Dec 24, 2018   15.99   16.19   15.99   16.16   16.16   38900
Dec 21, 2018   16.11   16.24   16.09   16.18   16.18   128300
Dec 20, 2018   16.33   16.38   16.10   16.10   16.10   23000
Dec 19, 2018   16.42   16.45   16.32   16.32   16.32   50500
Dec 18, 2018   16.39   16.48   16.39   16.47   16.47   14900
Dec 17, 2018   16.42   16.47   16.37   16.38   16.38   22600
Dec 14, 2018   16.45   16.53   16.41   16.41   16.41   19800
Dec 13, 2018   16.44   16.48   16.39   16.41   16.41   12400
Dec 12, 2018   16.47   16.53   16.40   16.42   16.42   42500
Dec 11, 2018   16.41   16.46   16.31   16.43   16.43   34800
Dec 10, 2018   16.37   16.47   16.36   16.38   16.38   25800
Dec 07, 2018   16.40   16.47   16.38   16.45   16.45   124200
Dec 06, 2018   16.35   16.40   16.22   16.36   16.36   35800
Dec 04, 2018   16.33   16.41   16.31   16.41   16.41   38700
Dec 03, 2018   16.31   16.38   16.29   16.33   16.33   46500
Nov 30, 2018   16.05   16.18   16.05   16.17   16.17   140500
Nov 29, 2018   16.00   16.06   15.98   16.00   16.00   9600
Nov 28, 2018   15.88   16.04   15.88   16.04   16.04   42700
Nov 27, 2018   15.80   15.88   15.79   15.83   15.83   26300
Nov 26, 2018   15.87   15.94   15.80   15.81   15.81   66600
Nov 23, 2018   16.01   16.01   15.91   15.94   15.94   8300
Nov 21, 2018   15.99   16.01   15.95   16.01   16.01   12700
Nov 20, 2018   16.04   16.04   15.98   15.98   15.98   21800
Nov 19, 2018   16.10   16.15   15.98   16.02   16.02   69100
Nov 16, 2018   16.17   16.17   16.08   16.12   16.12   42400
Nov 15, 2018   16.29   16.35   16.17   16.17   16.17   21500
Nov 14, 2018   16.25   16.26   16.15   16.18   16.18   30900
Nov 13, 2018   16.27   16.27   16.16   16.17   16.17   27900
Nov 12, 2018   16.32   16.42   16.30   16.32   16.32   15800
Nov 09, 2018   16.35   16.41   16.26   16.30   16.30   20800
Nov 08, 2018   16.45   16.60   16.18   16.46   16.46   155500
Nov 07, 2018   16.40   16.45   16.40   16.40   16.40   23100
Nov 06, 2018   16.47   16.51   16.43   16.44   16.44   27300
Nov 05, 2018   16.46   16.50   16.42   16.47   16.47   19700
Nov 02, 2018   16.23   16.47   16.20   16.39   16.39   42500
Nov 01, 2018   16.16   16.40   16.09   16.21   16.21   39600
Oct 31, 2018   16.15   16.18   16.10   16.12   16.12   12600
Oct 30, 2018   16.29   16.29   16.17   16.19   16.19   30900
Oct 29, 2018   16.36   16.37   16.23   16.28   16.28   46500
Oct 26, 2018   16.07   16.36   16.07   16.33   16.33   227300
Oct 25, 2018   16.18   16.19   16.02   16.05   16.05   46300
Oct 24, 2018   16.34   16.34   16.28   16.29   16.29   16000
Oct 23, 2018   16.36   16.45   16.28   16.38   16.38   46700
Oct 22, 2018   16.26   16.38   16.26   16.35   16.35   46500
Oct 19, 2018   16.34   16.34   16.21   16.22   16.22   44300
Oct 18, 2018   16.39   16.42   16.33   16.38   16.38   77700
Oct 17, 2018   16.50   16.56   16.48   16.48   16.48   27500
Oct 16, 2018   16.56   16.58   16.49   16.55   16.55   68600
Oct 15, 2018   16.48   16.67   16.48   16.62   16.62   76700
Oct 12, 2018   16.33   16.50   16.32   16.50   16.50   144800
Oct 11, 2018   16.00   16.44   15.99   16.33   16.33   136400
Oct 10, 2018   16.16   16.16   16.05   16.05   16.05   33100
Oct 09, 2018   16.18   16.25   16.13   16.16   16.16   36700
Oct 08, 2018   16.21   16.25   16.16   16.21   16.21   38000
Oct 05, 2018   16.25   16.31   16.13   16.25   16.25   86600
Oct 04, 2018   16.25   16.31   16.22   16.28   16.28   27400
Oct 03, 2018   16.22   16.29   16.15   16.15   16.15   23900
Oct 02, 2018   16.19   16.32   16.15   16.29   16.29   56700
Oct 01, 2018   15.94   16.23   15.94   16.23   16.23   53500
Sep 28, 2018   16.19   16.22   15.80   15.87   15.87   126600
Sep 27, 2018   16.15   16.20   16.10   16.18   16.18   26700
Sep 26, 2018   16.11   16.15   16.05   16.06   16.06   39200
Sep 25, 2018   15.97   16.15   15.95   16.14   16.14   86100
Sep 24, 2018   15.91   16.08   15.90   16.03   16.03   189400
Sep 21, 2018   15.79   15.94   15.77   15.93   15.93   69300
Sep 20, 2018   15.57   15.86   15.50   15.75   15.75   91900
Sep 19, 2018   15.41   15.54   15.41   15.50   15.50   49900
Sep 18, 2018   15.56   15.56   15.39   15.40   15.40   98700
Sep 17, 2018   15.68   15.68   15.58   15.59   15.59   55600
Sep 14, 2018   15.65   15.73   15.65   15.71   15.71   31600
Sep 13, 2018   15.76   15.80   15.63   15.70   15.70   55800
Sep 12, 2018   16.19   16.20   15.68   15.78   15.78   325800
Sep 11, 2018   16.24   16.31   16.22   16.24   16.24   35900
Sep 10, 2018   16.24   16.29   16.18   16.28   16.28   42600
Sep 07, 2018   16.15   16.32   16.15   16.25   16.25   59400
Sep 06, 2018   16.11   16.27   16.11   16.22   16.22   40500
Sep 05, 2018   16.21   16.30   16.14   16.20   16.20   18300
Sep 04, 2018   16.13   16.30   16.07   16.29   16.29   68300
Aug 31, 2018   15.90   16.22   15.87   16.20   16.20   52300
Aug 30, 2018   15.95   15.95   15.82   15.85   15.85   49200
Aug 29, 2018   15.93   15.93   15.83   15.87   15.87   36100
Aug 28, 2018   16.07   16.09   15.85   15.86   15.86   55500
Aug 27, 2018   16.00   16.13   15.90   16.02   16.02   320300
Aug 24, 2018   16.06   16.15   16.03   16.09   16.09   50400
Aug 23, 2018   16.20   16.23   16.03   16.04   16.04   85700
Aug 22, 2018   16.47   16.47   16.23   16.26   16.26   64200
Aug 21, 2018   16.52   16.67   16.48   16.54   16.54   29800
Aug 20, 2018   16.70   16.70   16.55   16.67   16.67   30300
Aug 17, 2018   16.74   16.80   16.63   16.70   16.70   48300
Aug 16, 2018   16.72   16.83   16.72   16.78   16.78   38400
Aug 15, 2018   16.52   16.69   16.52   16.61   16.61   36400
Aug 14, 2018   16.44   16.66   16.41   16.66   16.66   37500
Aug 13, 2018   16.28   16.41   16.24   16.40   16.40   32900
Aug 10, 2018   16.85   16.91   16.41   16.42   16.42   338500
Aug 09, 2018   16.96   16.99   16.78   16.85   16.85   53800
Aug 08, 2018   17.00   17.09   16.95   16.98   16.98   64600
Aug 07, 2018   17.03   17.04   16.91   16.97   16.97   50000
Aug 06, 2018   16.98   17.03   16.95   16.98   16.98   33600
Aug 03, 2018   16.82   17.00   16.79   16.95   16.95   70600
Aug 02, 2018   16.83   17.00   16.77   16.82   16.82   43200
Aug 01, 2018   16.96   17.01   16.67   16.74   16.74   50500
Jul 31, 2018   16.91   17.07   16.81   16.96   16.96   79000
Jul 30, 2018   16.72   16.89   16.72   16.80   16.80   57600
Jul 27, 2018   16.52   16.64   16.52   16.57   16.57   34800
Jul 26, 2018   16.68   16.73   16.51   16.53   16.53   183000
Jul 25, 2018   16.33   16.53   16.33   16.53   16.53   86100
Jul 24, 2018   16.26   16.37   16.20   16.24   16.24   49500
Jul 23, 2018   16.39   16.47   16.33   16.41   16.41   41100
Jul 20, 2018   16.24   16.33   16.13   16.32   16.32   81800
Jul 19, 2018   16.07   16.22   16.02   16.20   16.20   82100
Jul 18, 2018   16.12   16.12   15.99   16.05   16.05   41900
Jul 17, 2018   15.99   16.10   15.94   16.04   16.04   97200
Jul 16, 2018   15.78   15.96   15.78   15.85   15.85   23800
Jul 13, 2018   15.85   15.89   15.70   15.77   15.77   56500
Jul 12, 2018   15.80   16.13   15.66   15.94   15.94   124100
Jul 11, 2018   15.92   15.97   15.73   15.76   15.76   117300
Jul 10, 2018   16.20   16.20   15.88   16.04   16.04   214700
Jul 09, 2018   16.37   16.37   16.14   16.29   16.29   59700
Jul 06, 2018   16.19   16.55   16.19   16.51   16.51   82600
Jul 05, 2018   16.21   16.38   16.14   16.14   16.14   44400
Jul 03, 2018   16.14   16.27   16.13   16.19   16.19   26500
Jul 02, 2018   16.38   16.38   15.96   16.01   16.01   122200
Jun 29, 2018   16.30   16.63   16.30   16.44   16.44   86300
Jun 28, 2018   16.48   16.48   16.20   16.21   16.21   42000
Jun 27, 2018   16.59   16.70   16.47   16.50   16.50   80100
Jun 26, 2018   16.57   16.61   16.35   16.52   16.52   61000
Jun 25, 2018   16.58   16.68   16.40   16.41   16.41   101400
Jun 22, 2018   16.72   16.80   16.63   16.71   16.71   33100
Jun 21, 2018   16.66   16.81   16.63   16.75   16.75   80900
Jun 20, 2018   16.66   16.73   16.38   16.63   16.63   101000
Jun 19, 2018   16.39   16.73   16.01   16.60   16.60   399400
Jun 18, 2018   16.77   16.79   16.62   16.65   16.65   103600
Jun 15, 2018   16.75   17.11   16.69   16.87   16.87   155200
Jun 14, 2018   17.21   17.23   16.92   16.95   16.95   203400
Jun 13, 2018   17.39   17.50   17.31   17.40   17.40   319700
Jun 12, 2018   17.18   17.55   17.17   17.46   17.46   316900
Jun 11, 2018   17.41   17.44   17.06   17.07   17.07   206200
Jun 08, 2018   17.42   17.53   17.39   17.49   17.49   78300
Jun 07, 2018   17.64   17.64   17.37   17.48   17.48   96000
Jun 06, 2018   17.73   17.75   17.51   17.53   17.53   74000
Jun 05, 2018   17.65   17.70   17.58   17.67   17.67   138600
Jun 04, 2018   17.82   17.82   17.55   17.55   17.55   288400
Jun 01, 2018   18.11   18.12   17.92   17.94   17.94   91300
May 31, 2018   18.12   18.19   18.00   18.03   18.03   74700
May 30, 2018   18.09   18.09   17.88   17.98   17.98   261500
May 29, 2018   18.41   18.42   18.10   18.20   18.20   68200
May 25, 2018   18.41   18.49   18.34   18.45   18.45   44200
May 24, 2018   18.54   18.60   18.31   18.34   18.34   164500
May 23, 2018   18.33   18.50   18.33   18.47   18.47   90300
May 22, 2018   18.36   18.42   18.33   18.36   18.36   82500
May 21, 2018   18.35   18.35   18.22   18.28   18.28   133700
May 18, 2018   18.13   18.27   18.08   18.21   18.21   113900
May 17, 2018   18.23   18.23   17.96   17.99   17.99   73200
May 16, 2018   18.24   18.30   18.10   18.11   18.11   90600
May 15, 2018   18.14   18.24   18.05   18.23   18.23   52800
May 14, 2018   18.04   18.11   17.97   18.07   18.07   52600
May 11, 2018   18.12   18.15   18.03   18.06   18.06   90300
May 10, 2018   18.28   18.42   18.16   18.18   18.18   160400
May 09, 2018   18.29   18.35   18.25   18.28   18.28   37200
May 08, 2018   18.24   18.32   18.20   18.32   18.32   79400
May 07, 2018   18.29   18.30   18.15   18.15   18.15   84600
May 04, 2018   18.44   18.48   18.38   18.42   18.42   64500
May 03, 2018   18.38   18.50   18.34   18.48   18.48   118600
May 02, 2018   18.40   18.40   18.32   18.38   18.38   36500
May 01, 2018   18.25   18.39   18.25   18.38   18.38   88700
Apr 30, 2018   18.21   18.30   18.11   18.19   18.19   108600
Apr 27, 2018   18.00   18.12   17.96   18.12   18.12   80300
Apr 26, 2018   17.97   17.98   17.87   17.96   17.96   38800
Apr 25, 2018   17.81   17.99   17.81   17.95   17.95   131600
Apr 24, 2018   17.58   17.75   17.55   17.74   17.74   55200
Apr 23, 2018   17.55   17.65   17.54   17.62   17.62   66200
Apr 20, 2018   17.67   17.70   17.54   17.56   17.56   89900
Apr 19, 2018   17.83   17.83   17.73   17.78   17.78   50100
Apr 18, 2018   17.78   17.83   17.73   17.78   17.78   38600
Apr 17, 2018   17.77   17.80   17.66   17.70   17.70   97500
Apr 16, 2018   17.89   17.94   17.74   17.76   17.76   83100
Apr 13, 2018   18.02   18.02   17.87   17.88   17.88   84900
Apr 12, 2018   17.90   18.07   17.90   18.06   18.06   57700
Apr 11, 2018   18.09   18.09   17.93   17.97   17.97   82400
Apr 10, 2018   18.11   18.18   18.02   18.10   18.10   91700
Apr 09, 2018   18.09   18.21   18.05   18.14   18.14   171600
Apr 06, 2018   17.96   18.08   17.93   18.03   18.03   64200
Apr 05, 2018   17.81   18.10   17.81   18.08   18.08   172300
Apr 04, 2018   17.61   17.87   17.50   17.66   17.66   76100
Apr 03, 2018   18.04   18.15   17.96   18.00   18.00   91300
Apr 02, 2018   18.05   18.16   17.96   17.96   17.96   122900
Mar 29, 2018   17.43   18.00   17.32   17.96   17.96   280200
Mar 28, 2018   17.33   17.35   17.26   17.32   17.32   29500
Mar 27, 2018   17.44   17.44   17.29   17.34   17.34   29000
Mar 26, 2018   17.51   17.55   17.34   17.37   17.37   47500
Mar 23, 2018   17.30   17.48   17.12   17.44   17.44   80200
Mar 22, 2018   17.40   17.43   17.34   17.42   17.42   25300
Mar 21, 2018   17.40   17.40   17.31   17.34   17.34   49000
Mar 20, 2018   17.37   17.43   17.30   17.36   17.36   65800
Mar 19, 2018   17.56   17.56   17.37   17.41   17.41   116800
Mar 16, 2018   17.81   17.81   17.69   17.69   17.69   85600
Mar 15, 2018   17.98   17.98   17.80   17.86   17.86   40300
Mar 14, 2018   18.08   18.13   17.93   17.96   17.96   43900
Mar 13, 2018   18.05   18.17   18.04   18.05   18.05   60800
Mar 12, 2018   17.86   17.99   17.86   17.99   17.99   117600
Mar 09, 2018   18.00   18.05   17.94   17.97   17.97   62800
Mar 08, 2018   17.86   18.11   17.86   18.10   18.10   276800
Mar 07, 2018   17.84   17.91   17.84   17.85   17.85   51100
Mar 06, 2018   17.81   17.89   17.79   17.88   17.88   48700
Mar 05, 2018   17.82   17.87   17.73   17.86   17.86   83100
Mar 02, 2018   17.81   17.84   17.69   17.76   17.76   108200
Mar 01, 2018   17.61   17.84   17.61   17.84   17.84   195100
Feb 28, 2018   17.56   17.73   17.56   17.61   17.61   154500
Feb 27, 2018   17.49   17.54   17.48   17.52   17.52   65100
Feb 26, 2018   17.45   17.51   17.41   17.46   17.46   66500
Feb 23, 2018   17.40   17.40   17.31   17.35   17.35   55400
Feb 22, 2018   17.30   17.37   17.26   17.35   17.35   27000
Feb 21, 2018   17.35   17.39   17.28   17.32   17.32   19800
Feb 20, 2018   17.41   17.48   17.28   17.29   17.29   75300
Feb 16, 2018   17.40   17.40   17.34   17.35   17.35   65900
Feb 15, 2018   17.35   17.41   17.29   17.41   17.41   123600
Feb 14, 2018   17.29   17.40   17.26   17.32   17.32   54500
Feb 13, 2018   17.38   17.41   17.31   17.31   17.31   83500
Feb 12, 2018   17.28   17.36   17.27   17.36   17.36   79500
Feb 09, 2018   17.21   17.30   17.13   17.15   17.15   152900
Feb 08, 2018   17.25   17.37   17.23   17.23   17.23   71600
Feb 07, 2018   17.25   17.30   17.15   17.25   17.25   82100
Feb 06, 2018   16.99   17.23   16.99   17.19   17.19   110600
Feb 05, 2018   17.05   17.10   16.94   16.98   16.98   112300
Feb 02, 2018   17.13   17.18   17.08   17.11   17.11   40300
Feb 01, 2018   17.14   17.18   17.03   17.14   17.14   32800
Jan 31, 2018   17.15   17.18   17.09   17.15   17.15   47100
Jan 30, 2018   17.08   17.19   17.08   17.13   17.13   78700
Jan 29, 2018   17.07   17.10   17.01   17.06   17.06   112800
Jan 26, 2018   16.96   17.01   16.91   16.98   16.98   31700
Jan 25, 2018   17.00   17.05   16.92   16.96   16.96   60600
Jan 24, 2018   16.90   17.00   16.86   16.96   16.96   66900
Jan 23, 2018   16.76   16.80   16.70   16.80   16.80   23600
Jan 22, 2018   16.90   16.92   16.78   16.79   16.79   50400
Jan 19, 2018   16.83   16.88   16.78   16.81   16.81   26400
Jan 18, 2018   16.81   16.84   16.75   16.78   16.78   32700
Jan 17, 2018   16.69   16.85   16.66   16.82   16.82   62200
Jan 16, 2018   16.58   16.67   16.54   16.67   16.67   62900
Jan 12, 2018   16.68   16.73   16.53   16.61   16.61   88900
Jan 11, 2018   16.62   16.74   16.62   16.70   16.70   107800
Jan 10, 2018   16.67   16.71   16.64   16.69   16.69   63300
Jan 09, 2018   16.63   16.69   16.63   16.67   16.67   33700
Jan 08, 2018   16.73   16.73   16.57   16.58   16.58   95300
Jan 05, 2018   16.73   16.78   16.73   16.76   16.76   27800
Jan 04, 2018   16.86   16.86   16.74   16.78   16.78   25600
Jan 03, 2018   16.90   16.90   16.81   16.84   16.84   166900
Jan 02, 2018   16.75   16.89   16.75   16.85   16.85   65900
Dec 29, 2017   16.75   16.77   16.73   16.77   16.77   49600
Dec 28, 2017   16.83   16.84   16.72   16.77   16.77   30200
Dec 27, 2017   16.79   16.90   16.79   16.86   16.86   38400
Dec 26, 2017   16.76   16.84   16.75   16.80   16.80   39500
Dec 22, 2017   16.73   16.81   16.73   16.81   16.81   37600
Dec 21, 2017   16.70   16.80   16.68   16.76   16.76   86600
Dec 20, 2017   16.61   16.73   16.60   16.67   16.67   26800
Dec 19, 2017   16.59   16.65   16.58   16.62   16.62   26900
Dec 18, 2017   16.59   16.63   16.57   16.58   16.58   58100
Dec 15, 2017   16.65   16.73   16.57   16.57   16.57   102800
Dec 14, 2017   16.67   16.73   16.64   16.67   16.67   44200
Dec 13, 2017   16.62   16.73   16.62   16.68   16.68   321000
Dec 12, 2017   16.67   16.85   16.62   16.65   16.65   68900
Dec 11, 2017   16.78   16.78   16.66   16.70   16.70   46100
Dec 08, 2017   16.87   16.89   16.82   16.84   16.84   22300
Dec 07, 2017   16.79   16.83   16.77   16.81   16.81   31400
Dec 06, 2017   16.98   16.98   16.79   16.83   16.83   41100
Dec 05, 2017   16.90   17.04   16.86   16.91   16.91   31200
Dec 04, 2017   17.15   17.15   16.84   16.88   16.88   47300
Dec 01, 2017   17.00   17.13   17.00   17.08   17.08   57600
Nov 30, 2017   16.88   17.04   16.86   16.99   16.99   99200
Nov 29, 2017   16.74   16.92   16.74   16.92   16.92   44400
Nov 28, 2017   16.83   16.83   16.72   16.72   16.72   36500
Nov 27, 2017   16.93   16.96   16.82   16.83   16.83   34700
Nov 24, 2017   17.01   17.07   16.87   16.93   16.93   36900
Nov 22, 2017   16.95   17.10   16.95   17.03   17.03   41500
Nov 21, 2017   16.94   17.03   16.93   16.98   16.98   71800
Nov 20, 2017   16.91   17.04   16.89   17.01   17.01   57000
Nov 17, 2017   16.72   17.00   16.72   16.97   16.97   109600
Nov 16, 2017   16.80   16.80   16.68   16.69   16.69   72100
Nov 15, 2017   16.78   16.82   16.76   16.81   16.81   40400
Nov 14, 2017   16.95   16.95   16.75   16.78   16.78   112300
Nov 13, 2017   16.95   17.00   16.95   16.96   16.96   50200
Nov 10, 2017   17.00   17.06   16.95   17.04   17.04   56600
Nov 09, 2017   17.32   17.32   16.95   17.00   17.00   179900
Nov 08, 2017   17.21   17.31   17.18   17.23   17.23   35500
Nov 07, 2017   17.26   17.29   17.21   17.27   17.27   33500
Nov 06, 2017   17.36   17.36   17.27   17.27   17.27   57800
Nov 03, 2017   17.37   17.40   17.27   17.32   17.32   34600
Nov 02, 2017   17.33   17.43   17.33   17.40   17.40   47000
Nov 01, 2017   17.25   17.33   17.25   17.29   17.29   36000
Oct 31, 2017   17.34   17.34   17.19   17.21   17.21   47300
Oct 30, 2017   17.30   17.36   17.28   17.35   17.35   31300
Oct 27, 2017   17.35   17.39   17.30   17.34   17.34   60000
Oct 26, 2017   17.43   17.47   17.39   17.41   17.41   42500
Oct 25, 2017   17.58   17.64   17.44   17.46   17.46   52300
Oct 24, 2017   17.45   17.54   17.43   17.52   17.52   25700
Oct 23, 2017   17.20   17.47   17.13   17.47   17.47   84800
Oct 20, 2017   17.39   17.39   17.18   17.19   17.19   78100
Oct 19, 2017   17.35   17.44   17.34   17.34   17.34   113100
Oct 18, 2017   17.35   17.36   17.29   17.33   17.33   55800
Oct 17, 2017   17.35   17.45   17.33   17.40   17.40   33100
Oct 16, 2017   17.51   17.51   17.40   17.44   17.44   23900
Oct 13, 2017   17.39   17.55   17.35   17.51   17.51   52300
Oct 12, 2017   17.20   17.57   17.08   17.36   17.36   199200
Oct 11, 2017   17.33   17.33   17.20   17.20   17.20   41800
Oct 10, 2017   17.44   17.45   17.32   17.34   17.34   17400
Oct 09, 2017   17.42   17.42   17.31   17.39   17.39   25300
Oct 06, 2017   17.37   17.44   17.37   17.41   17.41   24500
Oct 05, 2017   17.35   17.44   17.29   17.37   17.37   29800
Oct 04, 2017   17.35   17.35   17.22   17.30   17.30   55900
Oct 03, 2017   17.37   17.42   17.34   17.36   17.36   66600
Oct 02, 2017   17.56   17.58   17.42   17.47   17.47   30400
